0 1 1
0.01 0.89565 0.896457
0.02 0.858044 0.85848
0.03 0.830769 0.831057
0.04 0.808812 0.80902
0.05 0.790222 0.790377
0.06 0.773997 0.774115
0.07 0.759545 0.759637
0.08 0.746483 0.746554
0.09 0.734544 0.734599
0.1 0.723536 0.723578
0.11 0.713314 0.713346
0.12 0.703768 0.70379
0.13 0.694807 0.694822
0.14 0.686361 0.68637
0.15 0.678371 0.678375
0.16 0.670789 0.670788
0.17 0.663573 0.663568
0.18 0.65669 0.656681
0.19 0.650108 0.650096
0.2 0.643802 0.643788
0.21 0.63775 0.637734
0.22 0.631932 0.631913
0.23 0.62633 0.62631
0.24 0.620929 0.620906
0.25 0.615714 0.61569
0.26 0.610674 0.610649
0.27 0.605797 0.60577
0.28 0.601072 0.601045
0.29 0.596492 0.596464
0.3 0.592047 0.592018
0.31 0.58773 0.587701
0.32 0.583534 0.583504
0.33 0.579453 0.579422
0.34 0.575479 0.575448
0.35 0.571609 0.571577
0.36 0.567837 0.567805
0.37 0.564158 0.564126
0.38 0.560568 0.560535
0.39 0.557064 0.55703
0.4 0.55364 0.553606
0.41 0.550294 0.55026
0.42 0.547022 0.546988
0.43 0.543822 0.543787
0.44 0.54069 0.540655
0.45 0.537623 0.537589
0.46 0.53462 0.534585
0.47 0.531677 0.531643
0.48 0.528793 0.528758
0.49 0.525965 0.52593
0.5 0.523191 0.523157
0.51 0.52047 0.520435
0.52 0.517799 0.517764
0.53 0.515177 0.515142
0.54 0.512602 0.512567
0.55 0.510072 0.510038
0.56 0.507587 0.507552
0.57 0.505144 0.50511
0.58 0.502743 0.502708
0.59 0.500381 0.500347
0.6 0.498059 0.498025
0.61 0.495774 0.49574
0.62 0.493526 0.493492
0.63 0.491313 0.491279
0.64 0.489135 0.489101
0.65 0.48699 0.486956
0.66 0.484877 0.484844
0.67 0.482797 0.482763
0.68 0.480747 0.480713
0.69 0.478727 0.478693
0.7 0.476736 0.476703
0.71 0.474774 0.47474
0.72 0.472839 0.472806
0.73 0.470931 0.470898
0.74 0.46905 0.469017
0.75 0.467194 0.467161
0.76 0.465363 0.465331
0.77 0.463557 0.463524
0.78 0.461774 0.461742
0.79 0.460015 0.459983
0.8 0.458278 0.458246
0.81 0.456564 0.456532
0.82 0.454871 0.454839
0.83 0.453199 0.453167
0.84 0.451548 0.451517
0.85 0.449917 0.449886
0.86 0.448307 0.448275
0.87 0.446715 0.446684
0.88 0.445142 0.445111
0.89 0.443588 0.443557
0.9 0.442052 0.442021
0.91 0.440534 0.440503
0.92 0.439033 0.439003
0.93 0.43755 0.437519
0.94 0.436083 0.436052
0.95 0.434632 0.434602
0.96 0.433197 0.433167
0.97 0.431778 0.431749
0.98 0.430375 0.430345
0.99 0.428987 0.428957
1 0.427613 0.427584
1.01 0.426254 0.426225
1.02 0.424909 0.42488
1.03 0.423579 0.42355
1.04 0.422262 0.422233
1.05 0.420958 0.42093
1.06 0.419668 0.41964
1.07 0.418391 0.418362
1.08 0.417127 0.417098
1.09 0.415875 0.415847
1.1 0.414635 0.414607
1.11 0.413408 0.41338
1.12 0.412192 0.412165
1.13 0.410989 0.410961
1.14 0.409797 0.409769
1.15 0.408616 0.408588
1.16 0.407446 0.407418
1.17 0.406287 0.40626
1.18 0.405139 0.405112
1.19 0.404001 0.403974
1.2 0.402874 0.402847
1.21 0.401757 0.40173
1.22 0.40065 0.400624
1.23 0.399554 0.399527
1.24 0.398466 0.39844
1.25 0.397389 0.397363
1.26 0.396321 0.396295
1.27 0.395262 0.395236
1.28 0.394213 0.394187
1.29 0.393172 0.393146
1.3 0.39214 0.392115
1.31 0.391118 0.391092
1.32 0.390103 0.390078
1.33 0.389098 0.389072
1.34 0.3881 0.388075
1.35 0.387111 0.387086
1.36 0.38613 0.386105
1.37 0.385157 0.385132
1.38 0.384192 0.384167
1.39 0.383235 0.38321
1.4 0.382285 0.382261
1.41 0.381343 0.381319
1.42 0.380409 0.380384
1.43 0.379481 0.379457
1.44 0.378562 0.378537
1.45 0.377649 0.377625
1.46 0.376743 0.376719
1.47 0.375844 0.375821
1.48 0.374953 0.374929
1.49 0.374068 0.374044
1.5 0.373189 0.373166
1.51 0.372317 0.372294
1.52 0.371452 0.371429
1.53 0.370593 0.37057
1.54 0.369741 0.369718
1.55 0.368895 0.368872
1.56 0.368055 0.368032
1.57 0.367221 0.367198
1.58 0.366393 0.36637
1.59 0.365571 0.365549
1.6 0.364755 0.364733
1.61 0.363945 0.363923
1.62 0.363141 0.363118
1.63 0.362342 0.36232
1.64 0.361549 0.361527
1.65 0.360761 0.360739
1.66 0.359979 0.359957
1.67 0.359202 0.35918
1.68 0.358431 0.358409
1.69 0.357664 0.357643
1.7 0.356903 0.356882
1.71 0.356148 0.356126
1.72 0.355397 0.355375
1.73 0.354651 0.35463
1.74 0.35391 0.353889
1.75 0.353174 0.353153
1.76 0.352443 0.352422
1.77 0.351717 0.351696
1.78 0.350996 0.350975
1.79 0.350279 0.350258
1.8 0.349567 0.349546
1.81 0.348859 0.348839
1.82 0.348156 0.348136
1.83 0.347458 0.347437
1.84 0.346764 0.346743
1.85 0.346074 0.346053
1.86 0.345388 0.345368
1.87 0.344707 0.344687
1.88 0.34403 0.34401
1.89 0.343358 0.343338
1.9 0.342689 0.342669
1.91 0.342025 0.342005
1.92 0.341365 0.341345
1.93 0.340708 0.340689
1.94 0.340056 0.340036
1.95 0.339408 0.339388
1.96 0.338763 0.338744
1.97 0.338122 0.338103
1.98 0.337486 0.337466
1.99 0.336853 0.336833
2 0.336223 0.336204
2.01 0.335598 0.335578
2.02 0.334976 0.334957
2.03 0.334357 0.334338
2.04 0.333743 0.333724
2.05 0.333131 0.333113
2.06 0.332524 0.332505
2.07 0.33192 0.331901
2.08 0.331319 0.3313
2.09 0.330722 0.330703
2.1 0.330128 0.330109
2.11 0.329537 0.329519
2.12 0.32895 0.328931
2.13 0.328366 0.328347
2.14 0.327785 0.327767
2.15 0.327207 0.327189
2.16 0.326633 0.326615
2.17 0.326062 0.326044
2.18 0.325494 0.325476
2.19 0.324929 0.324911
2.2 0.324367 0.324349
2.21 0.323808 0.323791
2.22 0.323253 0.323235
2.23 0.3227 0.322682
2.24 0.32215 0.322132
2.25 0.321603 0.321585
2.26 0.321059 0.321041
2.27 0.320518 0.3205
2.28 0.319979 0.319962
2.29 0.319444 0.319427
2.3 0.318911 0.318894
2.31 0.318381 0.318364
2.32 0.317854 0.317837
2.33 0.31733 0.317313
2.34 0.316808 0.316791
2.35 0.316289 0.316272
2.36 0.315773 0.315756
2.37 0.315259 0.315242
2.38 0.314748 0.314731
2.39 0.314239 0.314223
2.4 0.313733 0.313717
2.41 0.31323 0.313213
2.42 0.312729 0.312712
2.43 0.31223 0.312214
2.44 0.311735 0.311718
2.45 0.311241 0.311225
2.46 0.31075 0.310734
2.47 0.310261 0.310245
2.48 0.309775 0.309759
2.49 0.309291 0.309275
2.5 0.30881 0.308794
2.51 0.30833 0.308314
2.52 0.307854 0.307838
2.53 0.307379 0.307363
2.54 0.306907 0.306891
2.55 0.306437 0.306421
2.56 0.305969 0.305953
2.57 0.305503 0.305487
2.58 0.30504 0.305024
2.59 0.304579 0.304563
2.6 0.304119 0.304104
2.61 0.303663 0.303647
2.62 0.303208 0.303192
2.63 0.302755 0.30274
2.64 0.302305 0.302289
2.65 0.301856 0.301841
2.66 0.30141 0.301395
2.67 0.300965 0.30095
2.68 0.300523 0.300508
2.69 0.300083 0.300068
2.7 0.299644 0.299629
2.71 0.299208 0.299193
2.72 0.298774 0.298759
2.73 0.298341 0.298327
2.74 0.297911 0.297896
2.75 0.297482 0.297468
2.76 0.297056 0.297041
2.77 0.296631 0.296616
2.78 0.296208 0.296194
2.79 0.295787 0.295773
2.8 0.295368 0.295354
2.81 0.294951 0.294936
2.82 0.294536 0.294521
2.83 0.294122 0.294108
2.84 0.29371 0.293696
2.85 0.2933 0.293286
2.86 0.292892 0.292877
2.87 0.292485 0.292471
2.88 0.29208 0.292066
2.89 0.291677 0.291663
2.9 0.291276 0.291262
2.91 0.290877 0.290862
2.92 0.290479 0.290465
2.93 0.290082 0.290068
2.94 0.289688 0.289674
2.95 0.289295 0.289281
2.96 0.288904 0.28889
2.97 0.288514 0.2885
2.98 0.288126 0.288112
2.99 0.28774 0.287726
3 0.287355 0.287341
3.01 0.286972 0.286958
3.02 0.28659 0.286577
3.03 0.28621 0.286197
3.04 0.285832 0.285818
3.05 0.285455 0.285441
3.06 0.285079 0.285066
3.07 0.284705 0.284692
3.08 0.284333 0.28432
3.09 0.283962 0.283949
3.1 0.283593 0.28358
3.11 0.283225 0.283212
3.12 0.282858 0.282845
3.13 0.282494 0.28248
3.14 0.28213 0.282117
3.15 0.281768 0.281755
3.16 0.281407 0.281394
3.17 0.281048 0.281035
3.18 0.28069 0.280677
3.19 0.280334 0.280321
3.2 0.279979 0.279966
3.21 0.279625 0.279613
3.22 0.279273 0.27926
3.23 0.278922 0.27891
3.24 0.278573 0.27856
3.25 0.278225 0.278212
3.26 0.277878 0.277865
3.27 0.277532 0.27752
3.28 0.277188 0.277176
3.29 0.276845 0.276833
3.3 0.276504 0.276491
3.31 0.276164 0.276151
3.32 0.275825 0.275812
3.33 0.275487 0.275475
3.34 0.275151 0.275138
3.35 0.274815 0.274803
3.36 0.274482 0.274469
3.37 0.274149 0.274137
3.38 0.273818 0.273805
3.39 0.273487 0.273475
3.4 0.273159 0.273146
3.41 0.272831 0.272819
3.42 0.272504 0.272492
3.43 0.272179 0.272167
3.44 0.271855 0.271843
3.45 0.271532 0.27152
3.46 0.27121 0.271198
3.47 0.27089 0.270878
3.48 0.27057 0.270558
3.49 0.270252 0.27024
3.5 0.269935 0.269923
3.51 0.269619 0.269607
3.52 0.269304 0.269292
3.53 0.26899 0.268979
3.54 0.268678 0.268666
3.55 0.268366 0.268355
3.56 0.268056 0.268045
3.57 0.267747 0.267735
3.58 0.267439 0.267427
3.59 0.267132 0.26712
3.6 0.266826 0.266814
3.61 0.266521 0.266509
3.62 0.266217 0.266206
3.63 0.265914 0.265903
3.64 0.265613 0.265601
3.65 0.265312 0.265301
3.66 0.265012 0.265001
3.67 0.264714 0.264702
3.68 0.264416 0.264405
3.69 0.26412 0.264108
3.7 0.263824 0.263813
3.71 0.26353 0.263519
3.72 0.263236 0.263225
3.73 0.262944 0.262933
3.74 0.262652 0.262641
3.75 0.262362 0.262351
3.76 0.262072 0.262061
3.77 0.261784 0.261773
3.78 0.261496 0.261485
3.79 0.26121 0.261199
3.8 0.260924 0.260913
3.81 0.260639 0.260629
3.82 0.260356 0.260345
3.83 0.260073 0.260062
3.84 0.259791 0.25978
3.85 0.25951 0.2595
3.86 0.25923 0.25922
3.87 0.258951 0.258941
3.88 0.258673 0.258663
3.89 0.258396 0.258385
3.9 0.25812 0.258109
3.91 0.257844 0.257834
3.92 0.25757 0.257559
3.93 0.257296 0.257286
3.94 0.257024 0.257013
3.95 0.256752 0.256741
3.96 0.256481 0.256471
3.97 0.256211 0.256201
3.98 0.255942 0.255931
3.99 0.255673 0.255663
4 0.255406 0.255396
4.01 0.255139 0.255129
4.02 0.254874 0.254863
4.03 0.254609 0.254599
4.04 0.254345 0.254335
4.05 0.254082 0.254071
4.06 0.253819 0.253809
4.07 0.253558 0.253547
4.08 0.253297 0.253287
4.09 0.253037 0.253027
4.1 0.252778 0.252768
4.11 0.25252 0.25251
4.12 0.252262 0.252252
4.13 0.252006 0.251995
4.14 0.25175 0.25174
4.15 0.251495 0.251485
4.16 0.25124 0.25123
4.17 0.250987 0.250977
4.18 0.250734 0.250724
4.19 0.250482 0.250472
4.2 0.250231 0.250221
4.21 0.249981 0.249971
4.22 0.249731 0.249721
4.23 0.249482 0.249472
4.24 0.249234 0.249224
4.25 0.248987 0.248977
4.26 0.24874 0.24873
4.27 0.248494 0.248484
4.28 0.248249 0.248239
4.29 0.248005 0.247995
4.3 0.247761 0.247751
4.31 0.247518 0.247509
4.32 0.247276 0.247266
4.33 0.247035 0.247025
4.34 0.246794 0.246784
4.35 0.246554 0.246544
4.36 0.246314 0.246305
4.37 0.246076 0.246066
4.38 0.245838 0.245829
4.39 0.245601 0.245591
4.4 0.245364 0.245355
4.41 0.245129 0.245119
4.42 0.244893 0.244884
4.43 0.244659 0.24465
4.44 0.244425 0.244416
4.45 0.244192 0.244183
4.46 0.24396 0.243951
4.47 0.243728 0.243719
4.48 0.243497 0.243488
4.49 0.243267 0.243258
4.5 0.243037 0.243028
4.51 0.242808 0.242799
4.52 0.24258 0.242571
4.53 0.242352 0.242343
4.54 0.242125 0.242116
4.55 0.241898 0.241889
4.56 0.241673 0.241664
4.57 0.241448 0.241439
4.58 0.241223 0.241214
4.59 0.240999 0.24099
4.6 0.240776 0.240767
4.61 0.240553 0.240545
4.62 0.240332 0.240323
4.63 0.24011 0.240101
4.64 0.239889 0.239881
4.65 0.239669 0.239661
4.66 0.23945 0.239441
4.67 0.239231 0.239222
4.68 0.239013 0.239004
4.69 0.238795 0.238786
4.7 0.238578 0.238569
4.71 0.238362 0.238353
4.72 0.238146 0.238137
4.73 0.237931 0.237922
4.74 0.237716 0.237707
4.75 0.237502 0.237493
4.76 0.237288 0.23728
4.77 0.237076 0.237067
4.78 0.236863 0.236855
4.79 0.236652 0.236643
4.8 0.23644 0.236432
4.81 0.23623 0.236221
4.82 0.23602 0.236011
4.83 0.23581 0.235802
4.84 0.235601 0.235593
4.85 0.235393 0.235385
4.86 0.235185 0.235177
4.87 0.234978 0.23497
4.88 0.234772 0.234763
4.89 0.234566 0.234557
4.9 0.23436 0.234352
4.91 0.234155 0.234147
4.92 0.233951 0.233942
4.93 0.233747 0.233738
4.94 0.233543 0.233535
4.95 0.233341 0.233332
4.96 0.233138 0.23313
4.97 0.232937 0.232928
4.98 0.232735 0.232727
4.99 0.232535 0.232526
5 0.232335 0.232326
5.01 0.232135 0.232127
5.02 0.231936 0.231928
5.03 0.231737 0.231729
5.04 0.231539 0.231531
5.05 0.231342 0.231333
5.06 0.231145 0.231136
5.07 0.230948 0.23094
5.08 0.230752 0.230744
5.09 0.230556 0.230548
5.1 0.230361 0.230353
5.11 0.230167 0.230159
5.12 0.229973 0.229965
5.13 0.229779 0.229771
5.14 0.229586 0.229578
5.15 0.229394 0.229386
5.16 0.229202 0.229194
5.17 0.22901 0.229002
5.18 0.228819 0.228811
5.19 0.228629 0.228621
5.2 0.228439 0.228431
5.21 0.228249 0.228241
5.22 0.22806 0.228052
5.23 0.227871 0.227863
5.24 0.227683 0.227675
5.25 0.227495 0.227488
5.26 0.227308 0.2273
5.27 0.227121 0.227114
5.28 0.226935 0.226927
5.29 0.226749 0.226742
5.3 0.226564 0.226556
5.31 0.226379 0.226371
5.32 0.226195 0.226187
5.33 0.226011 0.226003
5.34 0.225827 0.225819
5.35 0.225644 0.225636
5.36 0.225461 0.225454
5.37 0.225279 0.225272
5.38 0.225097 0.22509
5.39 0.224916 0.224909
5.4 0.224735 0.224728
5.41 0.224555 0.224547
5.42 0.224375 0.224367
5.43 0.224195 0.224188
5.44 0.224016 0.224009
5.45 0.223838 0.22383
5.46 0.223659 0.223652
5.47 0.223482 0.223474
5.48 0.223304 0.223297
5.49 0.223127 0.22312
5.5 0.222951 0.222943
5.51 0.222775 0.222767
5.52 0.222599 0.222592
5.53 0.222424 0.222417
5.54 0.222249 0.222242
5.55 0.222075 0.222067
5.56 0.221901 0.221893
5.57 0.221727 0.22172
5.58 0.221554 0.221547
5.59 0.221381 0.221374
5.6 0.221209 0.221202
5.61 0.221037 0.22103
5.62 0.220865 0.220858
5.63 0.220694 0.220687
5.64 0.220524 0.220516
5.65 0.220353 0.220346
5.66 0.220183 0.220176
5.67 0.220014 0.220007
5.68 0.219845 0.219838
5.69 0.219676 0.219669
5.7 0.219508 0.2195
5.71 0.21934 0.219333
5.72 0.219172 0.219165
5.73 0.219005 0.218998
5.74 0.218838 0.218831
5.75 0.218672 0.218665
5.76 0.218506 0.218499
5.77 0.21834 0.218333
5.78 0.218175 0.218168
5.79 0.21801 0.218003
5.8 0.217846 0.217839
5.81 0.217681 0.217674
5.82 0.217518 0.217511
5.83 0.217354 0.217347
5.84 0.217191 0.217184
5.85 0.217029 0.217022
5.86 0.216867 0.21686
5.87 0.216705 0.216698
5.88 0.216543 0.216536
5.89 0.216382 0.216375
5.9 0.216221 0.216214
5.91 0.216061 0.216054
5.92 0.215901 0.215894
5.93 0.215741 0.215734
5.94 0.215582 0.215575
5.95 0.215423 0.215416
5.96 0.215264 0.215257
5.97 0.215106 0.215099
5.98 0.214948 0.214941
5.99 0.21479 0.214784
6 0.214633 0.214626
6.01 0.214476 0.214469
6.02 0.21432 0.214313
6.03 0.214164 0.214157
6.04 0.214008 0.214001
6.05 0.213852 0.213846
6.06 0.213697 0.21369
6.07 0.213542 0.213536
6.08 0.213388 0.213381
6.09 0.213234 0.213227
6.1 0.21308 0.213073
6.11 0.212926 0.21292
6.12 0.212773 0.212767
6.13 0.212621 0.212614
6.14 0.212468 0.212462
6.15 0.212316 0.212309
6.16 0.212164 0.212158
6.17 0.212013 0.212006
6.18 0.211862 0.211855
6.19 0.211711 0.211704
6.2 0.21156 0.211554
6.21 0.21141 0.211404
6.22 0.21126 0.211254
6.23 0.211111 0.211104
6.24 0.210962 0.210955
6.25 0.210813 0.210806
6.26 0.210664 0.210658
6.27 0.210516 0.21051
6.28 0.210368 0.210362
6.29 0.21022 0.210214
6.3 0.210073 0.210067
6.31 0.209926 0.20992
6.32 0.20978 0.209773
6.33 0.209633 0.209627
6.34 0.209487 0.209481
6.35 0.209341 0.209335
6.36 0.209196 0.20919
6.37 0.209051 0.209045
6.38 0.208906 0.2089
6.39 0.208762 0.208755
6.4 0.208617 0.208611
6.41 0.208473 0.208467
6.42 0.20833 0.208324
6.43 0.208187 0.20818
6.44 0.208044 0.208037
6.45 0.207901 0.207895
6.46 0.207758 0.207752
6.47 0.207616 0.20761
6.48 0.207475 0.207468
6.49 0.207333 0.207327
6.5 0.207192 0.207186
6.51 0.207051 0.207045
6.52 0.20691 0.206904
6.53 0.20677 0.206764
6.54 0.20663 0.206624
6.55 0.20649 0.206484
6.56 0.20635 0.206344
6.57 0.206211 0.206205
6.58 0.206072 0.206066
6.59 0.205934 0.205928
6.6 0.205795 0.205789
6.61 0.205657 0.205651
6.62 0.205519 0.205513
6.63 0.205382 0.205376
6.64 0.205245 0.205239
6.65 0.205108 0.205102
6.66 0.204971 0.204965
6.67 0.204835 0.204829
6.68 0.204698 0.204692
6.69 0.204563 0.204557
6.7 0.204427 0.204421
6.71 0.204292 0.204286
6.72 0.204157 0.204151
6.73 0.204022 0.204016
6.74 0.203887 0.203881
6.75 0.203753 0.203747
6.76 0.203619 0.203613
6.77 0.203485 0.20348
6.78 0.203352 0.203346
6.79 0.203219 0.203213
6.8 0.203086 0.20308
6.81 0.202953 0.202947
6.82 0.202821 0.202815
6.83 0.202689 0.202683
6.84 0.202557 0.202551
6.85 0.202425 0.202419
6.86 0.202294 0.202288
6.87 0.202163 0.202157
6.88 0.202032 0.202026
6.89 0.201901 0.201896
6.9 0.201771 0.201765
6.91 0.201641 0.201635
6.92 0.201511 0.201506
6.93 0.201382 0.201376
6.94 0.201252 0.201247
6.95 0.201123 0.201118
6.96 0.200995 0.200989
6.97 0.200866 0.20086
6.98 0.200738 0.200732
6.99 0.20061 0.200604
7 0.200482 0.200476
7.01 0.200354 0.200349
7.02 0.200227 0.200221
7.03 0.2001 0.200094
7.04 0.199973 0.199967
7.05 0.199846 0.199841
7.06 0.19972 0.199715
7.07 0.199594 0.199588
7.08 0.199468 0.199463
7.09 0.199343 0.199337
7.1 0.199217 0.199212
7.11 0.199092 0.199087
7.12 0.198967 0.198962
7.13 0.198842 0.198837
7.14 0.198718 0.198713
7.15 0.198594 0.198588
7.16 0.19847 0.198464
7.17 0.198346 0.198341
7.18 0.198223 0.198217
7.19 0.198099 0.198094
7.2 0.197976 0.197971
7.21 0.197854 0.197848
7.22 0.197731 0.197726
7.23 0.197609 0.197603
7.24 0.197487 0.197481
7.25 0.197365 0.197359
7.26 0.197243 0.197238
7.27 0.197122 0.197116
7.28 0.197 0.196995
7.29 0.19688 0.196874
7.3 0.196759 0.196753
7.31 0.196638 0.196633
7.32 0.196518 0.196513
7.33 0.196398 0.196393
7.34 0.196278 0.196273
7.35 0.196158 0.196153
7.36 0.196039 0.196034
7.37 0.19592 0.195914
7.38 0.195801 0.195795
7.39 0.195682 0.195677
7.4 0.195564 0.195558
7.41 0.195445 0.19544
7.42 0.195327 0.195322
7.43 0.195209 0.195204
7.44 0.195092 0.195086
7.45 0.194974 0.194969
7.46 0.194857 0.194852
7.47 0.19474 0.194735
7.48 0.194623 0.194618
7.49 0.194506 0.194501
7.5 0.19439 0.194385
7.51 0.194274 0.194269
7.52 0.194158 0.194153
7.53 0.194042 0.194037
7.54 0.193926 0.193921
7.55 0.193811 0.193806
7.56 0.193696 0.193691
7.57 0.193581 0.193576
7.58 0.193466 0.193461
7.59 0.193352 0.193347
7.6 0.193238 0.193232
7.61 0.193123 0.193118
7.62 0.193009 0.193004
7.63 0.192896 0.192891
7.64 0.192782 0.192777
7.65 0.192669 0.192664
7.66 0.192556 0.192551
7.67 0.192443 0.192438
7.68 0.19233 0.192325
7.69 0.192218 0.192213
7.7 0.192105 0.1921
7.71 0.191993 0.191988
7.72 0.191881 0.191876
7.73 0.19177 0.191765
7.74 0.191658 0.191653
7.75 0.191547 0.191542
7.76 0.191436 0.191431
7.77 0.191325 0.19132
7.78 0.191214 0.191209
7.79 0.191104 0.191099
7.8 0.190993 0.190988
7.81 0.190883 0.190878
7.82 0.190773 0.190768
7.83 0.190663 0.190658
7.84 0.190554 0.190549
7.85 0.190444 0.19044
7.86 0.190335 0.19033
7.87 0.190226 0.190221
7.88 0.190117 0.190113
7.89 0.190009 0.190004
7.9 0.1899 0.189895
7.91 0.189792 0.189787
7.92 0.189684 0.189679
7.93 0.189576 0.189571
7.94 0.189468 0.189464
7.95 0.189361 0.189356
7.96 0.189254 0.189249
7.97 0.189146 0.189142
7.98 0.189039 0.189035
7.99 0.188933 0.188928
8 0.188826 0.188821
8.01 0.18872 0.188715
8.02 0.188613 0.188609
8.03 0.188507 0.188503
8.04 0.188402 0.188397
8.05 0.188296 0.188291
8.06 0.18819 0.188186
8.07 0.188085 0.18808
8.08 0.18798 0.187975
8.09 0.187875 0.18787
8.1 0.18777 0.187765
8.11 0.187665 0.187661
8.12 0.187561 0.187556
8.13 0.187457 0.187452
8.14 0.187353 0.187348
8.15 0.187249 0.187244
8.16 0.187145 0.18714
8.17 0.187041 0.187037
8.18 0.186938 0.186933
8.19 0.186835 0.18683
8.2 0.186732 0.186727
8.21 0.186629 0.186624
8.22 0.186526 0.186521
8.23 0.186424 0.186419
8.24 0.186321 0.186316
8.25 0.186219 0.186214
8.26 0.186117 0.186112
8.27 0.186015 0.18601
8.28 0.185913 0.185909
8.29 0.185812 0.185807
8.3 0.18571 0.185706
8.31 0.185609 0.185605
8.32 0.185508 0.185504
8.33 0.185407 0.185403
8.34 0.185307 0.185302
8.35 0.185206 0.185202
8.36 0.185106 0.185101
8.37 0.185006 0.185001
8.38 0.184906 0.184901
8.39 0.184806 0.184801
8.4 0.184706 0.184701
8.41 0.184606 0.184602
8.42 0.184507 0.184502
8.43 0.184408 0.184403
8.44 0.184309 0.184304
8.45 0.18421 0.184205
8.46 0.184111 0.184107
8.47 0.184012 0.184008
8.48 0.183914 0.18391
8.49 0.183816 0.183811
8.5 0.183718 0.183713
8.51 0.18362 0.183615
8.52 0.183522 0.183517
8.53 0.183424 0.18342
8.54 0.183327 0.183322
8.55 0.183229 0.183225
8.56 0.183132 0.183128
8.57 0.183035 0.183031
8.58 0.182938 0.182934
8.59 0.182842 0.182837
8.6 0.182745 0.182741
8.61 0.182649 0.182644
8.62 0.182553 0.182548
8.63 0.182456 0.182452
8.64 0.182361 0.182356
8.65 0.182265 0.18226
8.66 0.182169 0.182165
8.67 0.182074 0.182069
8.68 0.181978 0.181974
8.69 0.181883 0.181879
8.7 0.181788 0.181784
8.71 0.181693 0.181689
8.72 0.181599 0.181594
8.73 0.181504 0.1815
8.74 0.18141 0.181405
8.75 0.181315 0.181311
8.76 0.181221 0.181217
8.77 0.181127 0.181123
8.78 0.181033 0.181029
8.79 0.18094 0.180935
8.8 0.180846 0.180842
8.81 0.180753 0.180748
8.82 0.180659 0.180655
8.83 0.180566 0.180562
8.84 0.180473 0.180469
8.85 0.180381 0.180376
8.86 0.180288 0.180284
8.87 0.180195 0.180191
8.88 0.180103 0.180099
8.89 0.180011 0.180006
8.9 0.179919 0.179914
8.91 0.179827 0.179822
8.92 0.179735 0.179731
8.93 0.179643 0.179639
8.94 0.179552 0.179547
8.95 0.17946 0.179456
8.96 0.179369 0.179365
8.97 0.179278 0.179274
8.98 0.179187 0.179183
8.99 0.179096 0.179092
9 0.179005 0.179001
9.01 0.178915 0.178911
9.02 0.178824 0.17882
9.03 0.178734 0.17873
9.04 0.178644 0.17864
9.05 0.178554 0.17855
9.06 0.178464 0.17846
9.07 0.178374 0.17837
9.08 0.178285 0.178281
9.09 0.178195 0.178191
9.1 0.178106 0.178102
9.11 0.178017 0.178013
9.12 0.177928 0.177924
9.13 0.177839 0.177835
9.14 0.17775 0.177746
9.15 0.177661 0.177657
9.16 0.177573 0.177569
9.17 0.177484 0.17748
9.18 0.177396 0.177392
9.19 0.177308 0.177304
9.2 0.17722 0.177216
9.21 0.177132 0.177128
9.22 0.177044 0.17704
9.23 0.176957 0.176953
9.24 0.176869 0.176865
9.25 0.176782 0.176778
9.26 0.176695 0.176691
9.27 0.176608 0.176604
9.28 0.176521 0.176517
9.29 0.176434 0.17643
9.3 0.176347 0.176343
9.31 0.176261 0.176257
9.32 0.176174 0.17617
9.33 0.176088 0.176084
9.34 0.176002 0.175998
9.35 0.175916 0.175912
9.36 0.17583 0.175826
9.37 0.175744 0.17574
9.38 0.175658 0.175654
9.39 0.175573 0.175569
9.4 0.175488 0.175484
9.41 0.175402 0.175398
9.42 0.175317 0.175313
9.43 0.175232 0.175228
9.44 0.175147 0.175143
9.45 0.175062 0.175058
9.46 0.174978 0.174974
9.47 0.174893 0.174889
9.48 0.174809 0.174805
9.49 0.174724 0.17472
9.5 0.17464 0.174636
9.51 0.174556 0.174552
9.52 0.174472 0.174468
9.53 0.174388 0.174385
9.54 0.174305 0.174301
9.55 0.174221 0.174217
9.56 0.174138 0.174134
9.57 0.174054 0.17405
9.58 0.173971 0.173967
9.59 0.173888 0.173884
9.6 0.173805 0.173801
9.61 0.173722 0.173718
9.62 0.17364 0.173636
9.63 0.173557 0.173553
9.64 0.173474 0.173471
9.65 0.173392 0.173388
9.66 0.17331 0.173306
9.67 0.173228 0.173224
9.68 0.173146 0.173142
9.69 0.173064 0.17306
9.7 0.172982 0.172978
9.71 0.1729 0.172896
9.72 0.172819 0.172815
9.73 0.172737 0.172734
9.74 0.172656 0.172652
9.75 0.172575 0.172571
9.76 0.172494 0.17249
9.77 0.172413 0.172409
9.78 0.172332 0.172328
9.79 0.172251 0.172247
9.8 0.17217 0.172167
9.81 0.17209 0.172086
9.82 0.17201 0.172006
9.83 0.171929 0.171926
9.84 0.171849 0.171845
9.85 0.171769 0.171765
9.86 0.171689 0.171685
9.87 0.171609 0.171605
9.88 0.17153 0.171526
9.89 0.17145 0.171446
9.9 0.17137 0.171367
9.91 0.171291 0.171287
9.92 0.171212 0.171208
9.93 0.171133 0.171129
9.94 0.171053 0.17105
9.95 0.170975 0.170971
9.96 0.170896 0.170892
9.97 0.170817 0.170813
9.98 0.170738 0.170735
9.99 0.17066 0.170656
