1	4.2003
2	4.199
3	4.1979
4	4.1973
5	4.197
6	4.1966
7	4.1963
8	4.1962
9	4.1959
10	4.1956
11	4.1954
12	4.1951
13	4.1949
14	4.1948
15	4.1946
16	4.1943
17	4.1941
18	4.194
19	4.1937
20	4.1936
21	4.1936
22	4.1933
23	4.1932
24	4.1931
25	4.193
26	4.1927
27	4.1926
28	4.1924
29	4.1923
30	4.1921
31	4.192
32	4.192
33	4.1917
34	4.1917
35	4.1914
36	4.1914
37	4.1914
38	4.1912
39	4.1912
40	4.1911
41	4.1908
42	4.1908
43	4.1908
44	4.1905
45	4.1904
46	4.1904
47	4.1902
48	4.1902
49	4.19
50	4.1899
51	4.1898
52	4.1898
53	4.1896
54	4.1896
55	4.1896
56	4.1896
57	4.1894
58	4.1893
59	4.1892
60	4.1891
61	4.189
62	4.189
63	4.189
64	4.1888
65	4.1886
66	4.1887
67	4.1886
68	4.1885
69	4.1886
70	4.1885
71	4.1884
72	4.1883
73	4.1882
74	4.1882
75	4.1881
76	4.188
77	4.1881
78	4.188
79	4.1878
80	4.1879
81	4.1877
82	4.1878
83	4.1876
84	4.1875
85	4.1875
86	4.1875
87	4.1875
88	4.1874
89	4.1872
90	4.1872
91	4.1871
92	4.1872
93	4.1872
94	4.187
95	4.187
96	4.1869
97	4.1869
98	4.1868
99	4.1868
100	4.1867
101	4.1866
102	4.1866
103	4.1867
104	4.1865
105	4.1864
106	4.1864
107	4.1864
108	4.1863
109	4.1863
110	4.1864
111	4.1862
112	4.1861
113	4.1862
114	4.1861
115	4.1861
116	4.1861
117	4.1862
118	4.1859
119	4.1861
120	4.1859
121	4.1859
122	4.1858
123	4.1858
124	4.1857
125	4.1857
126	4.1855
127	4.1856
128	4.1856
129	4.1855
130	4.1854
131	4.1855
132	4.1854
133	4.1854
134	4.1853
135	4.1853
136	4.1854
137	4.1854
138	4.1852
139	4.1852
140	4.1851
141	4.1851
142	4.1851
143	4.1851
144	4.1851
145	4.185
146	4.185
147	4.185
148	4.1848
149	4.1849
150	4.1848
151	4.1848
152	4.1848
153	4.1848
154	4.1847
155	4.1847
156	4.1847
157	4.1847
158	4.1846
159	4.1846
160	4.1845
161	4.1844
162	4.1844
163	4.1843
164	4.1844
165	4.1844
166	4.1843
167	4.1843
168	4.1843
169	4.1843
170	4.1841
171	4.1844
172	4.1841
173	4.1842
174	4.1842
175	4.1841
176	4.1841
177	4.184
178	4.1841
179	4.184
180	4.184
181	4.184
182	4.184
183	4.184
184	4.1838
185	4.1839
186	4.1837
187	4.1838
188	4.1837
189	4.1838
190	4.1837
191	4.1837
192	4.1836
193	4.1837
194	4.1836
195	4.1837
196	4.1836
197	4.1835
198	4.1835
199	4.1834
200	4.1834
201	4.1834
202	4.1834
203	4.1834
204	4.1834
205	4.1833
206	4.1833
207	4.1833
208	4.1832
209	4.1832
210	4.1832
211	4.1831
212	4.1831
213	4.1832
214	4.1831
215	4.183
216	4.1831
217	4.1831
218	4.1829
219	4.183
220	4.183
221	4.183
222	4.1829
223	4.183
224	4.1829
225	4.1829
226	4.1829
227	4.1829
228	4.1827
229	4.1828
230	4.1827
231	4.1827
232	4.1827
233	4.1827
234	4.1828
235	4.1827
236	4.1827
237	4.1826
238	4.1826
239	4.1825
240	4.1826
241	4.1826
242	4.1825
243	4.1825
244	4.1826
245	4.1823
246	4.1824
247	4.1825
248	4.1824
249	4.1825
250	4.1823
251	4.1824
252	4.1824
253	4.1824
254	4.1823
255	4.1823
256	4.1824
257	4.1823
258	4.1823
259	4.1822
260	4.1824
261	4.1822
262	4.1823
263	4.1822
264	4.1822
265	4.1822
266	4.1821
267	4.1821
268	4.1823
269	4.182
270	4.1821
271	4.182
272	4.1821
273	4.182
274	4.182
275	4.1821
276	4.1819
277	4.182
278	4.182
279	4.182
280	4.182
281	4.1821
282	4.182
283	4.1819
284	4.1819
285	4.1819
286	4.1819
287	4.1818
288	4.1819
289	4.1817
290	4.1818
291	4.1817
292	4.1818
293	4.1816
294	4.1817
295	4.1818
296	4.1817
297	4.1817
298	4.1817
299	4.1817
300	4.1817
301	4.1816
302	4.1815
303	4.1817
304	4.1815
305	4.1815
306	4.1816
307	4.1815
308	4.1815
309	4.1816
310	4.1816
311	4.1816
312	4.1814
313	4.1814
314	4.1813
315	4.1814
316	4.1813
317	4.1815
318	4.1814
319	4.1813
320	4.1813
321	4.1813
322	4.1813
323	4.1814
324	4.1812
325	4.1813
326	4.1813
327	4.1814
328	4.1813
329	4.1813
330	4.1812
331	4.1811
332	4.1812
333	4.1812
334	4.1812
335	4.1812
336	4.1812
337	4.1811
338	4.1812
339	4.181
340	4.1811
341	4.181
342	4.1811
343	4.1811
344	4.181
345	4.181
346	4.181
347	4.181
348	4.1811
349	4.181
350	4.181
351	4.1809
352	4.1809
353	4.181
354	4.1809
355	4.181
356	4.1808
357	4.1809
358	4.1808
359	4.1808
360	4.1808
361	4.1808
362	4.1808
363	4.1808
364	4.1807
365	4.1808
366	4.1809
367	4.1807
368	4.1807
369	4.1808
370	4.1807
371	4.1806
372	4.1807
373	4.1806
374	4.1806
375	4.1805
376	4.1807
377	4.1807
378	4.1807
379	4.1805
380	4.1805
381	4.1807
382	4.1806
383	4.1807
384	4.1806
385	4.1805
386	4.1806
387	4.1805
388	4.1807
389	4.1804
390	4.1805
391	4.1805
392	4.1804
393	4.1805
394	4.1804
395	4.1803
396	4.1803
397	4.1804
398	4.1804
399	4.1803
400	4.1804
401	4.1805
402	4.1803
403	4.1803
404	4.1803
405	4.1803
406	4.1803
407	4.1802
408	4.1802
409	4.1803
410	4.1803
411	4.1803
412	4.1803
413	4.1803
414	4.1803
415	4.1803
416	4.1803
417	4.1802
418	4.1802
419	4.1802
420	4.1802
421	4.1802
422	4.1801
423	4.1801
424	4.1802
425	4.1802
426	4.18
427	4.18
428	4.1802
429	4.1801
430	4.1801
431	4.1801
432	4.1801
433	4.1799
434	4.1801
435	4.18
436	4.1801
437	4.1802
438	4.1801
439	4.1801
440	4.18
441	4.1799
442	4.1799
443	4.18
444	4.1799
445	4.1799
446	4.1799
447	4.1799
448	4.1799
449	4.1798
450	4.1799
451	4.1799
452	4.1799
453	4.1799
454	4.1799
455	4.1799
456	4.1797
457	4.1798
458	4.1798
459	4.1798
460	4.1798
461	4.1797
462	4.1797
463	4.1797
464	4.1798
465	4.1797
466	4.1796
467	4.1797
468	4.1797
469	4.1797
470	4.1798
471	4.1796
472	4.1796
473	4.1798
474	4.1797
475	4.1796
476	4.1796
477	4.1796
478	4.1797
479	4.1797
480	4.1796
481	4.1797
482	4.1795
483	4.1795
484	4.1796
485	4.1797
486	4.1795
487	4.1795
488	4.1795
489	4.1795
490	4.1794
491	4.1795
492	4.1795
493	4.1794
494	4.1794
495	4.1794
496	4.1795
497	4.1794
498	4.1795
499	4.1794
500	4.1796
501	4.1794
502	4.1794
503	4.1793
504	4.1793
505	4.1792
506	4.1794
507	4.1793
508	4.1793
509	4.1793
510	4.1793
511	4.1793
512	4.1793
513	4.1792
514	4.1792
515	4.1793
516	4.1793
517	4.1792
518	4.1792
519	4.1792
520	4.1792
521	4.1793
522	4.1793
523	4.1792
524	4.1793
525	4.1793
526	4.1792
527	4.1791
528	4.1791
529	4.1791
530	4.1791
531	4.1791
532	4.1792
533	4.1791
534	4.1791
535	4.1792
536	4.1792
537	4.1791
538	4.1791
539	4.1791
540	4.1791
541	4.1791
542	4.1791
543	4.1791
544	4.1791
545	4.179
546	4.1791
547	4.1791
548	4.179
549	4.179
550	4.1791
551	4.179
552	4.179
553	4.179
554	4.1789
555	4.179
556	4.1789
557	4.179
558	4.1791
559	4.1791
560	4.1789
561	4.1789
562	4.1788
563	4.1789
564	4.1788
565	4.1789
566	4.1789
567	4.1789
568	4.1789
569	4.1788
570	4.1788
571	4.1788
572	4.179
573	4.179
574	4.1788
575	4.1788
576	4.1789
577	4.1788
578	4.1787
579	4.1789
580	4.1788
581	4.1788
582	4.1788
583	4.1787
584	4.1787
585	4.1787
586	4.1787
587	4.1788
588	4.1788
589	4.1787
590	4.1788
591	4.1786
592	4.1787
593	4.1787
594	4.1787
595	4.1787
596	4.1787
597	4.1786
598	4.1786
599	4.1786
600	4.1786
601	4.1787
602	4.1786
603	4.1786
604	4.1784
605	4.1785
606	4.1787
607	4.1786
608	4.1786
609	4.1786
610	4.1785
611	4.1786
612	4.1787
613	4.1785
614	4.1786
615	4.1787
616	4.1785
617	4.1785
618	4.1785
619	4.1784
620	4.1785
621	4.1786
622	4.1786
623	4.1786
624	4.1784
625	4.1785
626	4.1784
627	4.1784
628	4.1784
629	4.1784
630	4.1785
631	4.1784
632	4.1785
633	4.1785
634	4.1785
635	4.1784
636	4.1784
637	4.1784
638	4.1785
639	4.1783
640	4.1784
641	4.1784
642	4.1784
643	4.1783
644	4.1784
645	4.1783
646	4.1784
647	4.1784
648	4.1784
649	4.1784
650	4.1784
651	4.1784
652	4.1782
653	4.1782
654	4.1783
655	4.1784
656	4.1782
657	4.1783
658	4.1783
659	4.1782
660	4.1782
661	4.1782
662	4.1783
663	4.1783
664	4.1783
665	4.1782
666	4.1782
667	4.1782
668	4.1781
669	4.1781
670	4.1781
671	4.1781
672	4.1781
673	4.178
674	4.1782
675	4.1782
676	4.1782
677	4.178
678	4.1782
679	4.1782
680	4.1781
681	4.1781
682	4.1781
683	4.1781
684	4.1781
685	4.1781
686	4.1782
687	4.1781
688	4.1781
689	4.178
690	4.178
691	4.1782
692	4.1781
693	4.178
694	4.1782
695	4.1781
696	4.1781
697	4.1781
698	4.1779
699	4.178
700	4.178
701	4.1781
702	4.178
703	4.178
704	4.1779
705	4.178
706	4.1779
707	4.178
708	4.178
709	4.178
710	4.178
711	4.1779
712	4.1778
713	4.178
714	4.1779
715	4.1781
716	4.1779
717	4.1779
718	4.1779
719	4.178
720	4.178
721	4.1779
722	4.1779
723	4.1779
724	4.1779
725	4.1779
726	4.178
727	4.1779
728	4.1778
729	4.1778
730	4.1779
731	4.178
732	4.1779
733	4.1778
734	4.1779
735	4.1777
736	4.1779
737	4.1777
738	4.1778
739	4.1778
740	4.1778
741	4.1778
742	4.1778
743	4.1778
744	4.1777
745	4.1777
746	4.1777
747	4.1778
748	4.1778
749	4.1778
750	4.1777
751	4.1778
752	4.1777
753	4.1777
754	4.1778
755	4.1778
756	4.1778
757	4.1778
758	4.1777
759	4.1777
760	4.1776
761	4.1777
762	4.1776
763	4.1777
764	4.1778
765	4.1777
766	4.1777
767	4.1777
768	4.1776
769	4.1777
770	4.1776
771	4.1776
772	4.1775
773	4.1776
774	4.1776
775	4.1775
776	4.1775
777	4.1776
778	4.1777
779	4.1776
780	4.1777
781	4.1776
782	4.1776
783	4.1775
784	4.1775
785	4.1776
786	4.1775
787	4.1775
788	4.1775
789	4.1775
790	4.1777
791	4.1775
792	4.1776
793	4.1775
794	4.1775
795	4.1776
796	4.1775
797	4.1775
798	4.1775
799	4.1774
800	4.1776
801	4.1774
802	4.1776
803	4.1775
804	4.1776
805	4.1775
806	4.1774
807	4.1775
808	4.1774
809	4.1775
810	4.1773
811	4.1772
812	4.1774
813	4.1774
814	4.1774
815	4.1772
816	4.1774
817	4.1775
818	4.1774
819	4.1775
820	4.1775
821	4.1773
822	4.1774
823	4.1773
824	4.1774
825	4.1774
826	4.1773
827	4.1773
828	4.1773
829	4.1774
830	4.1773
831	4.1772
832	4.1773
833	4.1774
834	4.1774
835	4.1772
836	4.1773
837	4.1773
838	4.1772
839	4.1773
840	4.1774
841	4.1772
842	4.1772
843	4.1773
844	4.1774
845	4.1773
846	4.1772
847	4.1772
848	4.1773
849	4.1772
850	4.1772
851	4.1773
852	4.177
853	4.1772
854	4.1773
855	4.1773
856	4.1772
857	4.1772
858	4.1771
859	4.1774
860	4.1772
861	4.1772
862	4.1772
863	4.1773
864	4.1773
865	4.1772
866	4.1772
867	4.1772
868	4.1771
869	4.1771
870	4.1771
871	4.1772
872	4.1771
873	4.1771
874	4.1772
875	4.1772
876	4.1771
877	4.1772
878	4.1772
879	4.1771
880	4.1772
881	4.177
882	4.1772
883	4.177
884	4.177
885	4.1771
886	4.1771
887	4.1771
888	4.1772
889	4.1773
890	4.177
891	4.1771
892	4.177
893	4.1772
894	4.1771
895	4.1772
896	4.177
897	4.177
898	4.1771
899	4.1771
900	4.177
901	4.1771
902	4.177
903	4.1769
904	4.177
905	4.1769
906	4.177
907	4.1769
908	4.177
909	4.177
910	4.1769
911	4.1769
912	4.1769
913	4.1769
914	4.1768
915	4.1769
916	4.177
917	4.1769
918	4.1769
919	4.177
920	4.1768
921	4.1769
922	4.1768
923	4.1769
924	4.177
925	4.1769
926	4.1769
927	4.1768
928	4.1769
929	4.177
930	4.177
931	4.1769
932	4.1769
933	4.1768
934	4.1768
935	4.1768
936	4.1768
937	4.1769
938	4.1768
939	4.1768
940	4.1768
941	4.1769
942	4.1768
943	4.1768
944	4.1768
945	4.1769
946	4.1768
947	4.1769
948	4.1767
949	4.1768
950	4.1768
951	4.1768
952	4.1767
953	4.1768
954	4.1768
955	4.1767
956	4.1767
957	4.1768
958	4.1767
959	4.1768
960	4.1767
961	4.1769
962	4.1767
963	4.1768
964	4.1767
965	4.1766
966	4.1768
967	4.1767
968	4.1767
969	4.1767
970	4.1767
971	4.1767
972	4.1767
973	4.1767
974	4.1766
975	4.1767
976	4.1766
977	4.1767
978	4.1766
979	4.1768
980	4.1766
981	4.1766
982	4.1767
983	4.1768
984	4.1766
985	4.1767
986	4.1766
987	4.1767
988	4.1768
989	4.1766
990	4.1766
991	4.1766
992	4.1767
993	4.1767
994	4.1767
995	4.1765
996	4.1766
997	4.1766
998	4.1766
999	4.1767
1000	4.1765
1001	4.1767
1002	4.1765
1003	4.1766
1004	4.1765
1005	4.1765
1006	4.1767
1007	4.1766
1008	4.1765
1009	4.1766
1010	4.1766
1011	4.1766
1012	4.1764
1013	4.1766
1014	4.1766
1015	4.1765
1016	4.1765
1017	4.1767
1018	4.1764
1019	4.1764
1020	4.1766
1021	4.1766
1022	4.1765
1023	4.1766
1024	4.1763
1025	4.1764
1026	4.1764
1027	4.1764
1028	4.1764
1029	4.1764
1030	4.1764
1031	4.1766
1032	4.1764
1033	4.1764
1034	4.1765
1035	4.1765
1036	4.1766
1037	4.1764
1038	4.1763
1039	4.1765
1040	4.1764
1041	4.1765
1042	4.1764
1043	4.1763
1044	4.1763
1045	4.1764
1046	4.1763
1047	4.1765
1048	4.1763
1049	4.1764
1050	4.1764
1051	4.1762
1052	4.1765
1053	4.1764
1054	4.1763
1055	4.1763
1056	4.1762
1057	4.1764
1058	4.1762
1059	4.1764
1060	4.1763
1061	4.1762
1062	4.1764
1063	4.1764
1064	4.1765
1065	4.1764
1066	4.1763
1067	4.1764
1068	4.1762
1069	4.1764
1070	4.1763
1071	4.1763
1072	4.1763
1073	4.1762
1074	4.1762
1075	4.1763
1076	4.1763
1077	4.1761
1078	4.1764
1079	4.1762
1080	4.1763
1081	4.1763
1082	4.1763
1083	4.1763
1084	4.1764
1085	4.1762
1086	4.1764
1087	4.1763
1088	4.1762
1089	4.1763
1090	4.1762
1091	4.1763
1092	4.1762
1093	4.1762
1094	4.1763
1095	4.1761
1096	4.1762
1097	4.1762
1098	4.1762
1099	4.1764
1100	4.1761
1101	4.1764
1102	4.1761
1103	4.1762
1104	4.1763
1105	4.1762
1106	4.1762
1107	4.1761
1108	4.1762
1109	4.176
1110	4.1763
1111	4.1761
1112	4.1763
1113	4.1762
1114	4.1761
1115	4.1761
1116	4.1762
1117	4.1761
1118	4.1762
1119	4.1761
1120	4.1761
1121	4.1761
1122	4.176
1123	4.1761
1124	4.1762
1125	4.1762
1126	4.1761
1127	4.1761
1128	4.176
1129	4.176
1130	4.1762
1131	4.1762
1132	4.176
1133	4.176
1134	4.1761
1135	4.176
1136	4.1761
1137	4.176
1138	4.1761
1139	4.1761
1140	4.1761
1141	4.1761
1142	4.1761
1143	4.1761
1144	4.1761
1145	4.1761
1146	4.176
1147	4.1761
1148	4.176
1149	4.176
1150	4.176
1151	4.176
1152	4.1761
1153	4.176
1154	4.1761
1155	4.1761
1156	4.1761
1157	4.176
1158	4.176
1159	4.1761
1160	4.1761
1161	4.1759
1162	4.176
1163	4.176
1164	4.1759
1165	4.1759
1166	4.176
1167	4.176
1168	4.176
1169	4.176
1170	4.176
1171	4.176
1172	4.1759
1173	4.176
1174	4.176
1175	4.176
1176	4.1759
1177	4.176
1178	4.1759
1179	4.1759
1180	4.1759
1181	4.1759
1182	4.1758
1183	4.1759
1184	4.1759
1185	4.1761
1186	4.1761
1187	4.1758
1188	4.176
1189	4.176
1190	4.1758
1191	4.1758
1192	4.1759
1193	4.1758
1194	4.1758
1195	4.1759
1196	4.1758
1197	4.1759
1198	4.1758
1199	4.1758
1200	4.1759
1201	4.1758
1202	4.176
1203	4.176
1204	4.1758
1205	4.1759
1206	4.1757
1207	4.1758
1208	4.1758
1209	4.1758
1210	4.1759
1211	4.1757
1212	4.1758
1213	4.1759
1214	4.1757
1215	4.1758
1216	4.1758
1217	4.176
1218	4.1758
1219	4.1759
1220	4.1758
1221	4.1759
1222	4.1759
1223	4.1758
1224	4.1758
1225	4.1759
1226	4.1757
1227	4.1757
1228	4.1757
1229	4.1757
1230	4.1758
1231	4.1759
1232	4.1757
1233	4.1757
1234	4.1758
1235	4.1757
1236	4.1756
1237	4.1757
1238	4.1757
1239	4.1759
1240	4.1757
1241	4.1758
1242	4.1757
1243	4.1758
1244	4.1756
1245	4.1758
1246	4.1757
1247	4.1756
1248	4.1758
1249	4.1757
1250	4.1756
1251	4.1758
1252	4.1757
1253	4.1757
1254	4.1757
1255	4.1758
1256	4.1757
1257	4.1756
1258	4.1756
1259	4.1757
1260	4.1757
1261	4.1755
1262	4.1756
1263	4.1756
1264	4.1756
1265	4.1756
1266	4.1755
1267	4.1757
1268	4.1757
1269	4.1758
1270	4.1757
1271	4.1755
1272	4.1757
1273	4.1756
1274	4.1757
1275	4.1756
1276	4.1756
1277	4.1756
1278	4.1757
1279	4.1756
1280	4.1755
1281	4.1757
1282	4.1758
1283	4.1756
1284	4.1757
1285	4.1757
1286	4.1756
1287	4.1756
1288	4.1754
1289	4.1757
1290	4.1756
1291	4.1756
1292	4.1755
1293	4.1756
1294	4.1756
1295	4.1755
1296	4.1755
1297	4.1755
1298	4.1755
1299	4.1755
1300	4.1757
1301	4.1755
1302	4.1755
1303	4.1754
1304	4.1756
1305	4.1756
1306	4.1756
1307	4.1754
1308	4.1756
1309	4.1755
1310	4.1754
1311	4.1756
1312	4.1755
1313	4.1754
1314	4.1755
1315	4.1757
1316	4.1755
1317	4.1755
1318	4.1756
1319	4.1755
1320	4.1755
1321	4.1755
1322	4.1754
1323	4.1756
1324	4.1755
1325	4.1754
1326	4.1754
1327	4.1753
1328	4.1754
1329	4.1754
1330	4.1755
1331	4.1755
1332	4.1754
1333	4.1754
1334	4.1755
1335	4.1754
1336	4.1754
1337	4.1754
1338	4.1755
1339	4.1754
1340	4.1755
1341	4.1755
1342	4.1754
1343	4.1754
1344	4.1754
1345	4.1755
1346	4.1753
1347	4.1753
1348	4.1755
1349	4.1752
1350	4.1755
1351	4.1755
1352	4.1754
1353	4.1753
1354	4.1754
1355	4.1755
1356	4.1754
1357	4.1753
1358	4.1753
1359	4.1755
1360	4.1754
1361	4.1754
1362	4.1754
1363	4.1753
1364	4.1755
1365	4.1753
1366	4.1753
1367	4.1754
1368	4.1754
1369	4.1754
1370	4.1753
1371	4.1753
1372	4.1753
1373	4.1754
1374	4.1753
1375	4.1753
1376	4.1755
1377	4.1754
1378	4.1752
1379	4.1754
1380	4.1754
1381	4.1754
1382	4.1753
1383	4.1754
1384	4.1753
1385	4.1753
1386	4.1753
1387	4.1753
1388	4.1752
1389	4.1753
1390	4.1753
1391	4.1753
1392	4.1753
1393	4.1753
1394	4.1753
1395	4.1753
1396	4.1751
1397	4.1751
1398	4.1753
1399	4.1752
1400	4.1753
1401	4.1753
1402	4.1752
1403	4.1753
1404	4.1753
1405	4.1753
1406	4.1752
1407	4.1752
1408	4.1751
1409	4.1753
1410	4.1752
1411	4.1752
1412	4.1752
1413	4.1752
1414	4.1752
1415	4.1751
1416	4.1751
1417	4.1752
1418	4.1752
1419	4.1752
1420	4.1753
1421	4.1752
1422	4.1752
1423	4.1752
1424	4.1752
1425	4.1752
1426	4.1753
1427	4.1752
1428	4.1752
1429	4.1751
1430	4.1752
1431	4.1752
1432	4.1752
1433	4.1752
1434	4.1752
1435	4.1752
1436	4.1751
1437	4.1751
1438	4.1752
1439	4.1752
1440	4.1751
1441	4.1751
1442	4.1752
1443	4.1752
1444	4.1752
1445	4.175
1446	4.1752
1447	4.1751
1448	4.1751
1449	4.175
1450	4.175
1451	4.1751
1452	4.1751
1453	4.1752
1454	4.1751
1455	4.1751
1456	4.175
1457	4.175
1458	4.1751
1459	4.1751
1460	4.1752
1461	4.175
1462	4.1751
1463	4.1752
1464	4.1751
1465	4.175
1466	4.175
1467	4.1751
1468	4.175
1469	4.1751
1470	4.1751
1471	4.175
1472	4.1751
1473	4.175
1474	4.1751
1475	4.175
1476	4.1751
1477	4.1751
1478	4.1751
1479	4.175
1480	4.1749
1481	4.1752
1482	4.175
1483	4.1751
1484	4.175
1485	4.1751
1486	4.175
1487	4.1751
1488	4.1751
1489	4.1751
1490	4.175
1491	4.175
1492	4.1751
1493	4.175
1494	4.1749
1495	4.175
1496	4.1749
1497	4.175
1498	4.1749
1499	4.175
1500	4.175
1501	4.1749
1502	4.175
1503	4.175
1504	4.175
1505	4.175
1506	4.175
1507	4.1749
1508	4.175
1509	4.1749
1510	4.1749
1511	4.1748
1512	4.1749
1513	4.1748
1514	4.175
1515	4.1749
1516	4.175
1517	4.175
1518	4.175
1519	4.1749
1520	4.175
1521	4.1749
1522	4.1748
1523	4.1749
1524	4.175
1525	4.1748
1526	4.1749
1527	4.1749
1528	4.1749
1529	4.1749
1530	4.175
1531	4.1749
1532	4.175
1533	4.1749
1534	4.1749
1535	4.1749
1536	4.175
1537	4.1749
1538	4.175
1539	4.1748
1540	4.1749
1541	4.1749
1542	4.175
1543	4.175
1544	4.1749
1545	4.1749
1546	4.1749
1547	4.1749
1548	4.1748
1549	4.1748
1550	4.1748
1551	4.1748
1552	4.1749
1553	4.1749
1554	4.1749
1555	4.1749
1556	4.1749
1557	4.1748
1558	4.1749
1559	4.1748
1560	4.1749
1561	4.1748
1562	4.1747
1563	4.1749
1564	4.1748
1565	4.1748
1566	4.1749
1567	4.1748
1568	4.1749
1569	4.1748
1570	4.1748
1571	4.1749
1572	4.1748
1573	4.1749
1574	4.1749
1575	4.1748
1576	4.1748
1577	4.1748
1578	4.1747
1579	4.1747
1580	4.1748
1581	4.1747
1582	4.1748
1583	4.1748
1584	4.1747
1585	4.1747
1586	4.1749
1587	4.1747
1588	4.1748
1589	4.1747
1590	4.1748
1591	4.1748
1592	4.1747
1593	4.1748
1594	4.1748
1595	4.1747
1596	4.1748
1597	4.1748
1598	4.1748
1599	4.1747
1600	4.1746
1601	4.1747
1602	4.1746
1603	4.1746
1604	4.1747
1605	4.1747
1606	4.1746
1607	4.1747
1608	4.1747
1609	4.1746
1610	4.1746
1611	4.1748
1612	4.1748
1613	4.1747
1614	4.1746
1615	4.1747
1616	4.1747
1617	4.1747
1618	4.1747
1619	4.1747
1620	4.1748
1621	4.1747
1622	4.1747
1623	4.1747
1624	4.1748
1625	4.1747
1626	4.1747
1627	4.1747
1628	4.1747
1629	4.1747
1630	4.1747
1631	4.1747
1632	4.1747
1633	4.1747
1634	4.1747
1635	4.1746
1636	4.1747
1637	4.1747
1638	4.1746
1639	4.1746
1640	4.1747
1641	4.1747
1642	4.1747
1643	4.1747
1644	4.1747
1645	4.1747
1646	4.1746
1647	4.1746
1648	4.1747
1649	4.1746
1650	4.1746
1651	4.1745
1652	4.1745
1653	4.1746
1654	4.1747
1655	4.1747
1656	4.1745
1657	4.1745
1658	4.1745
1659	4.1746
1660	4.1746
1661	4.1746
1662	4.1746
1663	4.1746
1664	4.1746
1665	4.1745
1666	4.1745
1667	4.1746
1668	4.1745
1669	4.1747
1670	4.1746
1671	4.1745
1672	4.1745
1673	4.1747
1674	4.1745
1675	4.1745
1676	4.1746
1677	4.1746
1678	4.1746
1679	4.1745
1680	4.1744
1681	4.1745
1682	4.1746
1683	4.1746
1684	4.1746
1685	4.1744
1686	4.1746
1687	4.1746
1688	4.1746
1689	4.1744
1690	4.1746
1691	4.1746
1692	4.1746
1693	4.1746
1694	4.1744
1695	4.1745
1696	4.1745
1697	4.1745
1698	4.1745
1699	4.1746
1700	4.1747
1701	4.1744
1702	4.1745
1703	4.1745
1704	4.1745
1705	4.1745
1706	4.1744
1707	4.1745
1708	4.1745
1709	4.1745
1710	4.1744
1711	4.1744
1712	4.1746
1713	4.1745
1714	4.1745
1715	4.1744
1716	4.1744
1717	4.1745
1718	4.1745
1719	4.1744
1720	4.1744
1721	4.1745
1722	4.1743
1723	4.1745
1724	4.1745
1725	4.1745
1726	4.1745
1727	4.1744
1728	4.1743
1729	4.1745
1730	4.1744
1731	4.1743
1732	4.1744
1733	4.1744
1734	4.1745
1735	4.1745
1736	4.1744
1737	4.1744
1738	4.1744
1739	4.1743
1740	4.1744
1741	4.1744
1742	4.1744
1743	4.1744
1744	4.1743
1745	4.1744
1746	4.1744
1747	4.1745
1748	4.1744
1749	4.1744
1750	4.1744
1751	4.1745
1752	4.1744
1753	4.1744
1754	4.1744
1755	4.1744
1756	4.1745
1757	4.1744
1758	4.1744
1759	4.1742
1760	4.1743
1761	4.1744
1762	4.1744
1763	4.1745
1764	4.1744
1765	4.1744
1766	4.1744
1767	4.1743
1768	4.1743
1769	4.1743
1770	4.1743
1771	4.1743
1772	4.1745
1773	4.1743
1774	4.1743
1775	4.1744
1776	4.1742
1777	4.1743
1778	4.1743
1779	4.1742
1780	4.1744
1781	4.1743
1782	4.1743
1783	4.1743
1784	4.1743
1785	4.1742
1786	4.1744
1787	4.1743
1788	4.1744
1789	4.1744
1790	4.1743
1791	4.1743
1792	4.1744
1793	4.1744
1794	4.1743
1795	4.1743
1796	4.1744
1797	4.1742
1798	4.1743
1799	4.1742
1800	4.1744
1801	4.1742
1802	4.1743
1803	4.1743
1804	4.1743
1805	4.1743
1806	4.1744
1807	4.1743
1808	4.1742
1809	4.1741
1810	4.1742
1811	4.1742
1812	4.1742
1813	4.1745
1814	4.1742
1815	4.1743
1816	4.1742
1817	4.1743
1818	4.1742
1819	4.1742
1820	4.1743
1821	4.1742
1822	4.1743
1823	4.1744
1824	4.1742
1825	4.1742
1826	4.1743
1827	4.1742
1828	4.1743
1829	4.1743
1830	4.1743
1831	4.1743
1832	4.1743
1833	4.1742
1834	4.1742
1835	4.1743
1836	4.1741
1837	4.1741
1838	4.1743
1839	4.1743
1840	4.1743
1841	4.1743
1842	4.1743
1843	4.1742
1844	4.1742
1845	4.1741
1846	4.1742
1847	4.1742
1848	4.1741
1849	4.1742
1850	4.1742
1851	4.1742
1852	4.1743
1853	4.1742
1854	4.1741
1855	4.1742
1856	4.1742
1857	4.1743
1858	4.1741
1859	4.1743
1860	4.1742
1861	4.1741
1862	4.1742
1863	4.1742
1864	4.1741
1865	4.1742
1866	4.1741
1867	4.1742
1868	4.1742
1869	4.1741
1870	4.1742
1871	4.1742
1872	4.1742
1873	4.1741
1874	4.1741
1875	4.1742
1876	4.1742
1877	4.1742
1878	4.1741
1879	4.1742
1880	4.1741
1881	4.1741
1882	4.174
1883	4.1741
1884	4.1741
1885	4.1741
1886	4.1741
1887	4.174
1888	4.1741
1889	4.1741
1890	4.1741
1891	4.1742
1892	4.1741
1893	4.1742
1894	4.174
1895	4.1741
1896	4.1742
1897	4.1741
1898	4.1741
1899	4.1741
1900	4.174
1901	4.174
1902	4.1741
1903	4.174
1904	4.1741
1905	4.174
1906	4.174
1907	4.174
1908	4.1741
1909	4.174
1910	4.1741
1911	4.1742
1912	4.1741
1913	4.174
1914	4.1741
1915	4.1741
1916	4.174
1917	4.1739
1918	4.174
1919	4.174
1920	4.1741
1921	4.1741
1922	4.1741
1923	4.174
1924	4.174
1925	4.1741
1926	4.1739
1927	4.1741
1928	4.1741
1929	4.1739
1930	4.1742
1931	4.174
1932	4.174
1933	4.174
1934	4.174
1935	4.1741
1936	4.174
1937	4.174
1938	4.174
1939	4.1741
1940	4.1741
1941	4.1741
1942	4.1739
1943	4.174
1944	4.1741
1945	4.174
1946	4.1741
1947	4.1741
1948	4.1739
1949	4.1739
1950	4.1739
1951	4.174
1952	4.174
1953	4.174
1954	4.1741
1955	4.174
1956	4.174
1957	4.1741
1958	4.1739
1959	4.174
1960	4.1738
1961	4.1739
1962	4.1739
1963	4.1739
1964	4.1738
1965	4.1739
1966	4.1739
1967	4.174
1968	4.1739
1969	4.174
1970	4.1739
1971	4.1741
1972	4.1739
1973	4.1739
1974	4.174
1975	4.174
1976	4.174
1977	4.174
1978	4.174
1979	4.1739
1980	4.1738
1981	4.1739
1982	4.174
1983	4.1738
1984	4.1738
1985	4.174
1986	4.174
1987	4.1739
1988	4.1739
1989	4.1739
1990	4.1739
1991	4.1739
1992	4.1739
1993	4.1738
1994	4.1738
1995	4.1739
1996	4.174
1997	4.1739
1998	4.1739
1999	4.1739
2000	4.1739
2001	4.1739
2002	4.1739
2003	4.1739
2004	4.1738
2005	4.1739
2006	4.1739
2007	4.1739
2008	4.1739
2009	4.1738
2010	4.174
2011	4.1739
2012	4.1739
2013	4.1739
2014	4.1738
2015	4.1738
2016	4.1739
2017	4.1738
2018	4.1739
2019	4.1738
2020	4.1738
2021	4.1738
2022	4.1737
2023	4.1739
2024	4.1739
2025	4.1738
2026	4.174
2027	4.1739
2028	4.1739
2029	4.1739
2030	4.1738
2031	4.1738
2032	4.1739
2033	4.1739
2034	4.1739
2035	4.1738
2036	4.1739
2037	4.1738
2038	4.1738
2039	4.1738
2040	4.1738
2041	4.1738
2042	4.1737
2043	4.1739
2044	4.1738
2045	4.1737
2046	4.1739
2047	4.1739
2048	4.1737
2049	4.1738
2050	4.1738
2051	4.1739
2052	4.1739
2053	4.1738
2054	4.1739
2055	4.1738
2056	4.1738
2057	4.1738
2058	4.1739
2059	4.1738
2060	4.1737
2061	4.1739
2062	4.1738
2063	4.1737
2064	4.1737
2065	4.1738
2066	4.1737
2067	4.1737
2068	4.1737
2069	4.1737
2070	4.1738
2071	4.1737
2072	4.1738
2073	4.1737
2074	4.1737
2075	4.1737
2076	4.1737
2077	4.1738
2078	4.1737
2079	4.1738
2080	4.1738
2081	4.1738
2082	4.1737
2083	4.1738
2084	4.1738
2085	4.1737
2086	4.1738
2087	4.1737
2088	4.1738
2089	4.1739
2090	4.1737
2091	4.1737
2092	4.1737
2093	4.1738
2094	4.1736
2095	4.1736
2096	4.1738
2097	4.1738
2098	4.1737
2099	4.1736
2100	4.1738
2101	4.1737
2102	4.1737
2103	4.1736
2104	4.1736
2105	4.1737
2106	4.1737
2107	4.1737
2108	4.1738
2109	4.1737
2110	4.1737
2111	4.1737
2112	4.1737
2113	4.1738
2114	4.1736
2115	4.1738
2116	4.1738
2117	4.1737
2118	4.1735
2119	4.1737
2120	4.1736
2121	4.1736
2122	4.1736
2123	4.1737
2124	4.1738
2125	4.1736
2126	4.1737
2127	4.1737
2128	4.1736
2129	4.1737
2130	4.1736
2131	4.1737
2132	4.1736
2133	4.1737
2134	4.1737
2135	4.1736
2136	4.1736
2137	4.1735
2138	4.1736
2139	4.1737
2140	4.1737
2141	4.1737
2142	4.1736
2143	4.1737
2144	4.1736
2145	4.1736
2146	4.1737
2147	4.1736
2148	4.1735
2149	4.1735
2150	4.1736
2151	4.1736
2152	4.1736
2153	4.1736
2154	4.1736
2155	4.1735
2156	4.1737
2157	4.1736
2158	4.1738
2159	4.1737
2160	4.1736
2161	4.1736
2162	4.1735
2163	4.1735
2164	4.1734
2165	4.1735
2166	4.1736
2167	4.1736
2168	4.1735
2169	4.1736
2170	4.1735
2171	4.1736
2172	4.1736
2173	4.1735
2174	4.1736
2175	4.1737
2176	4.1735
2177	4.1737
2178	4.1735
2179	4.1736
2180	4.1736
2181	4.1735
2182	4.1735
2183	4.1736
2184	4.1736
2185	4.1735
2186	4.1735
2187	4.1735
2188	4.1735
2189	4.1736
2190	4.1736
2191	4.1735
2192	4.1735
2193	4.1735
2194	4.1735
2195	4.1735
2196	4.1735
2197	4.1734
2198	4.1734
2199	4.1735
2200	4.1735
2201	4.1735
2202	4.1735
2203	4.1736
2204	4.1734
2205	4.1735
2206	4.1737
2207	4.1735
2208	4.1734
2209	4.1734
2210	4.1734
2211	4.1734
2212	4.1736
2213	4.1736
2214	4.1734
2215	4.1735
2216	4.1734
2217	4.1735
2218	4.1735
2219	4.1735
2220	4.1735
2221	4.1735
2222	4.1734
2223	4.1735
2224	4.1734
2225	4.1735
2226	4.1735
2227	4.1735
2228	4.1734
2229	4.1735
2230	4.1734
2231	4.1736
2232	4.1735
2233	4.1735
2234	4.1736
2235	4.1735
2236	4.1736
2237	4.1734
2238	4.1734
2239	4.1735
2240	4.1733
2241	4.1734
2242	4.1734
2243	4.1735
2244	4.1735
2245	4.1734
2246	4.1733
2247	4.1734
2248	4.1735
2249	4.1733
2250	4.1735
2251	4.1734
2252	4.1734
2253	4.1734
2254	4.1735
2255	4.1734
2256	4.1734
2257	4.1735
2258	4.1734
2259	4.1734
2260	4.1735
2261	4.1733
2262	4.1735
2263	4.1734
2264	4.1733
2265	4.1734
2266	4.1734
2267	4.1734
2268	4.1734
2269	4.1733
2270	4.1734
2271	4.1735
2272	4.1735
2273	4.1734
2274	4.1735
2275	4.1734
2276	4.1734
2277	4.1734
2278	4.1734
2279	4.1734
2280	4.1734
2281	4.1734
2282	4.1734
2283	4.1734
2284	4.1734
2285	4.1734
2286	4.1733
2287	4.1734
2288	4.1734
2289	4.1734
2290	4.1735
2291	4.1734
2292	4.1734
2293	4.1733
2294	4.1733
2295	4.1734
2296	4.1734
2297	4.1734
2298	4.1733
2299	4.1733
2300	4.1733
2301	4.1734
2302	4.1733
2303	4.1734
2304	4.1733
2305	4.1732
2306	4.1733
2307	4.1733
2308	4.1733
2309	4.1733
2310	4.1734
2311	4.1734
2312	4.1732
2313	4.1734
2314	4.1733
2315	4.1733
2316	4.1733
2317	4.1733
2318	4.1734
2319	4.1735
2320	4.1732
2321	4.1734
2322	4.1733
2323	4.1732
2324	4.1732
2325	4.1733
2326	4.1734
2327	4.1733
2328	4.1734
2329	4.1732
2330	4.1733
2331	4.1733
2332	4.1733
2333	4.1733
2334	4.1733
2335	4.1731
2336	4.1733
2337	4.1732
2338	4.1733
2339	4.1733
2340	4.1733
2341	4.1733
2342	4.1733
2343	4.1733
2344	4.1733
2345	4.1732
2346	4.1733
2347	4.1733
2348	4.1732
2349	4.1732
2350	4.1733
2351	4.1732
2352	4.1733
2353	4.1733
2354	4.1733
2355	4.1733
2356	4.1733
2357	4.1734
2358	4.1732
2359	4.1733
2360	4.1733
2361	4.1732
2362	4.1733
2363	4.1733
2364	4.1732
2365	4.1732
2366	4.1733
2367	4.1733
2368	4.1732
2369	4.1733
2370	4.1733
2371	4.1732
2372	4.1732
2373	4.1733
2374	4.1732
2375	4.1732
2376	4.1733
2377	4.1732
2378	4.1733
2379	4.1732
2380	4.1732
2381	4.1732
2382	4.1731
2383	4.1732
2384	4.1732
2385	4.1734
2386	4.1731
2387	4.173
2388	4.1732
2389	4.1731
2390	4.1732
2391	4.1732
2392	4.1732
2393	4.1733
2394	4.1733
2395	4.1732
2396	4.1732
2397	4.1732
2398	4.1732
2399	4.1732
2400	4.1733
2401	4.1732
2402	4.1732
2403	4.1732
2404	4.1732
2405	4.1731
2406	4.1732
2407	4.1732
2408	4.1732
2409	4.1732
2410	4.1732
2411	4.1733
2412	4.1731
2413	4.1732
2414	4.1732
2415	4.1733
2416	4.1733
2417	4.1732
2418	4.1732
2419	4.1732
2420	4.1732
2421	4.1731
2422	4.1732
2423	4.1732
2424	4.1732
2425	4.1732
2426	4.1731
2427	4.1733
2428	4.1733
2429	4.1731
2430	4.1732
2431	4.1733
2432	4.1732
2433	4.1731
2434	4.173
2435	4.1732
2436	4.1732
2437	4.1731
2438	4.1732
2439	4.1731
2440	4.1731
2441	4.1731
2442	4.1731
2443	4.1732
2444	4.173
2445	4.1731
2446	4.1732
2447	4.1731
2448	4.1731
2449	4.173
2450	4.1731
2451	4.1731
2452	4.1731
2453	4.1731
2454	4.1731
2455	4.1732
2456	4.1732
2457	4.173
2458	4.173
2459	4.1731
2460	4.1732
2461	4.173
2462	4.173
2463	4.1731
2464	4.1731
2465	4.1732
2466	4.1731
2467	4.1732
2468	4.173
2469	4.173
2470	4.173
2471	4.1731
2472	4.1731
2473	4.173
2474	4.1731
2475	4.1732
2476	4.173
2477	4.1731
2478	4.173
2479	4.1731
2480	4.173
2481	4.173
2482	4.173
2483	4.1731
2484	4.1731
2485	4.1731
2486	4.173
2487	4.1731
2488	4.173
2489	4.1731
2490	4.1731
2491	4.1731
2492	4.1731
2493	4.1732
2494	4.1731
2495	4.1731
2496	4.173
2497	4.173
2498	4.1731
2499	4.173
2500	4.173
2501	4.1729
2502	4.1732
2503	4.1731
2504	4.1731
2505	4.173
2506	4.173
2507	4.1731
2508	4.173
2509	4.173
2510	4.173
2511	4.173
2512	4.173
2513	4.1731
2514	4.1729
2515	4.173
2516	4.173
2517	4.1731
2518	4.173
2519	4.1731
2520	4.1731
2521	4.173
2522	4.1731
2523	4.173
2524	4.1729
2525	4.173
2526	4.1731
2527	4.1731
2528	4.173
2529	4.1729
2530	4.1729
2531	4.173
2532	4.1731
2533	4.1729
2534	4.1729
2535	4.173
2536	4.1728
2537	4.173
2538	4.1729
2539	4.173
2540	4.1731
2541	4.1729
2542	4.173
2543	4.1729
2544	4.1729
2545	4.1729
2546	4.1731
2547	4.173
2548	4.1729
2549	4.1731
2550	4.1731
2551	4.173
2552	4.173
2553	4.1729
2554	4.1729
2555	4.1729
2556	4.1729
2557	4.1729
2558	4.173
2559	4.173
2560	4.1729
2561	4.173
2562	4.173
2563	4.173
2564	4.173
2565	4.1729
2566	4.1729
2567	4.1729
2568	4.173
2569	4.1729
2570	4.1731
2571	4.1731
2572	4.1729
2573	4.1728
2574	4.1729
2575	4.1729
2576	4.1729
2577	4.1728
2578	4.1729
2579	4.1731
2580	4.1729
2581	4.173
2582	4.1729
2583	4.173
2584	4.173
2585	4.1729
2586	4.1729
2587	4.173
2588	4.1729
2589	4.1729
2590	4.1728
2591	4.1728
2592	4.1729
2593	4.1729
2594	4.1729
2595	4.1729
2596	4.173
2597	4.1728
2598	4.1728
2599	4.1729
2600	4.1729
2601	4.1729
2602	4.1729
2603	4.173
2604	4.173
2605	4.1729
2606	4.1729
2607	4.1729
2608	4.1728
2609	4.1728
2610	4.1729
2611	4.1729
2612	4.173
2613	4.1729
2614	4.1728
2615	4.1729
2616	4.173
2617	4.1728
2618	4.1729
2619	4.1729
2620	4.173
2621	4.1729
2622	4.1728
2623	4.1729
2624	4.1728
2625	4.1728
2626	4.1728
2627	4.1728
2628	4.1728
2629	4.173
2630	4.1728
2631	4.1726
2632	4.1728
2633	4.173
2634	4.1728
2635	4.1729
2636	4.1728
2637	4.1728
2638	4.1729
2639	4.1728
2640	4.1728
2641	4.1729
2642	4.1728
2643	4.1728
2644	4.1729
2645	4.1728
2646	4.1728
2647	4.1728
2648	4.1728
2649	4.1728
2650	4.1728
2651	4.1728
2652	4.1728
2653	4.1727
2654	4.1728
2655	4.1728
2656	4.1729
2657	4.1729
2658	4.1728
2659	4.1727
2660	4.1729
2661	4.1727
2662	4.1728
2663	4.1728
2664	4.1727
2665	4.1728
2666	4.1728
2667	4.1727
2668	4.1727
2669	4.1727
2670	4.1728
2671	4.1729
2672	4.1728
2673	4.1727
2674	4.1728
2675	4.1729
2676	4.1728
2677	4.1728
2678	4.1728
2679	4.1728
2680	4.1727
2681	4.1728
2682	4.1728
2683	4.1728
2684	4.1728
2685	4.1727
2686	4.1728
2687	4.1728
2688	4.1728
2689	4.1728
2690	4.1727
2691	4.1727
2692	4.1728
2693	4.1728
2694	4.1727
2695	4.1729
2696	4.1727
2697	4.1727
2698	4.1728
2699	4.1728
2700	4.1727
2701	4.1727
2702	4.1728
2703	4.1726
2704	4.1728
2705	4.1728
2706	4.1727
2707	4.1728
2708	4.1728
2709	4.1727
2710	4.1728
2711	4.1727
2712	4.1726
2713	4.1728
2714	4.1727
2715	4.1727
2716	4.1728
2717	4.1727
2718	4.1727
2719	4.1727
2720	4.1727
2721	4.1726
2722	4.1727
2723	4.1727
2724	4.1727
2725	4.1726
2726	4.1727
2727	4.1727
2728	4.1727
2729	4.1726
2730	4.1727
2731	4.1727
2732	4.1727
2733	4.1727
2734	4.1727
2735	4.1727
2736	4.1726
2737	4.1726
2738	4.1727
2739	4.1727
2740	4.1726
2741	4.1726
2742	4.1727
2743	4.1728
2744	4.1728
2745	4.1727
2746	4.1727
2747	4.1727
2748	4.1726
2749	4.1726
2750	4.1727
2751	4.1727
2752	4.1726
2753	4.1726
2754	4.1728
2755	4.1726
2756	4.1727
2757	4.1726
2758	4.1727
2759	4.1726
2760	4.1727
2761	4.1727
2762	4.1725
2763	4.1726
2764	4.1727
2765	4.1726
2766	4.1727
2767	4.1727
2768	4.1726
2769	4.1726
2770	4.1728
2771	4.1726
2772	4.1726
2773	4.1726
2774	4.1726
2775	4.1727
2776	4.1726
2777	4.1726
2778	4.1726
2779	4.1727
2780	4.1726
2781	4.1726
2782	4.1725
2783	4.1726
2784	4.1726
2785	4.1726
2786	4.1726
2787	4.1726
2788	4.1726
2789	4.1727
2790	4.1727
2791	4.1726
2792	4.1726
2793	4.1725
2794	4.1726
2795	4.1726
2796	4.1727
2797	4.1725
2798	4.1726
2799	4.1725
2800	4.1727
2801	4.1726
2802	4.1726
2803	4.1725
2804	4.1726
2805	4.1725
2806	4.1726
2807	4.1726
2808	4.1726
2809	4.1727
2810	4.1726
2811	4.1725
2812	4.1726
2813	4.1726
2814	4.1725
2815	4.1726
2816	4.1726
2817	4.1726
2818	4.1726
2819	4.1725
2820	4.1725
2821	4.1726
2822	4.1727
2823	4.1725
2824	4.1726
2825	4.1726
2826	4.1726
2827	4.1725
2828	4.1725
2829	4.1725
2830	4.1726
2831	4.1725
2832	4.1725
2833	4.1726
2834	4.1726
2835	4.1727
2836	4.1725
2837	4.1725
2838	4.1727
2839	4.1725
2840	4.1725
2841	4.1725
2842	4.1726
2843	4.1727
2844	4.1725
2845	4.1724
2846	4.1726
2847	4.1726
2848	4.1725
2849	4.1724
2850	4.1725
2851	4.1725
2852	4.1725
2853	4.1726
2854	4.1727
2855	4.1725
2856	4.1725
2857	4.1726
2858	4.1725
2859	4.1725
2860	4.1726
2861	4.1726
2862	4.1726
2863	4.1725
2864	4.1724
2865	4.1725
2866	4.1726
2867	4.1726
2868	4.1725
2869	4.1726
2870	4.1726
2871	4.1725
2872	4.1726
2873	4.1726
2874	4.1725
2875	4.1726
2876	4.1726
2877	4.1724
2878	4.1725
2879	4.1725
2880	4.1726
2881	4.1726
2882	4.1726
2883	4.1724
2884	4.1724
2885	4.1724
2886	4.1724
2887	4.1726
2888	4.1726
2889	4.1725
2890	4.1726
2891	4.1725
2892	4.1726
2893	4.1724
2894	4.1725
2895	4.1726
2896	4.1725
2897	4.1724
2898	4.1723
2899	4.1725
2900	4.1724
2901	4.1725
2902	4.1725
2903	4.1725
2904	4.1724
2905	4.1723
2906	4.1725
2907	4.1725
2908	4.1726
2909	4.1724
2910	4.1724
2911	4.1725
2912	4.1725
2913	4.1725
2914	4.1724
2915	4.1725
2916	4.1724
2917	4.1725
2918	4.1724
2919	4.1724
2920	4.1723
2921	4.1725
2922	4.1725
2923	4.1724
2924	4.1725
2925	4.1724
2926	4.1724
2927	4.1725
2928	4.1724
2929	4.1724
2930	4.1725
2931	4.1724
2932	4.1724
2933	4.1725
2934	4.1725
2935	4.1725
2936	4.1725
2937	4.1725
2938	4.1725
2939	4.1725
2940	4.1725
2941	4.1726
2942	4.1725
2943	4.1724
2944	4.1724
2945	4.1724
2946	4.1725
2947	4.1724
2948	4.1724
2949	4.1724
2950	4.1725
2951	4.1725
2952	4.1724
2953	4.1725
2954	4.1724
2955	4.1724
2956	4.1725
2957	4.1725
2958	4.1723
2959	4.1725
2960	4.1723
2961	4.1725
2962	4.1724
2963	4.1723
2964	4.1723
2965	4.1724
2966	4.1724
2967	4.1725
2968	4.1724
2969	4.1724
2970	4.1723
2971	4.1724
2972	4.1723
2973	4.1724
2974	4.1724
2975	4.1724
2976	4.1722
2977	4.1723
2978	4.1724
2979	4.1724
2980	4.1724
2981	4.1724
2982	4.1724
2983	4.1724
2984	4.1724
2985	4.1723
2986	4.1723
2987	4.1724
2988	4.1724
2989	4.1724
2990	4.1724
2991	4.1724
2992	4.1723
2993	4.1722
2994	4.1724
2995	4.1724
2996	4.1724
2997	4.1723
2998	4.1724
2999	4.1723
3000	4.1723
3001	4.1724
3002	4.1724
3003	4.1724
3004	4.1724
3005	4.1724
3006	4.1723
3007	4.1724
3008	4.1724
3009	4.1724
3010	4.1723
3011	4.1723
3012	4.1724
3013	4.1723
3014	4.1722
3015	4.1722
3016	4.1724
3017	4.1724
3018	4.1723
3019	4.1724
3020	4.1722
3021	4.1724
3022	4.1723
3023	4.1723
3024	4.1723
3025	4.1723
3026	4.1723
3027	4.1723
3028	4.1723
3029	4.1722
3030	4.1723
3031	4.1723
3032	4.1723
3033	4.1722
3034	4.1723
3035	4.1724
3036	4.1723
3037	4.1723
3038	4.1723
3039	4.1724
3040	4.1723
3041	4.1722
3042	4.1724
3043	4.1723
3044	4.1723
3045	4.1723
3046	4.1724
3047	4.1723
3048	4.1722
3049	4.1723
3050	4.1722
3051	4.1722
3052	4.1723
3053	4.1724
3054	4.1723
3055	4.1723
3056	4.1723
3057	4.1722
3058	4.1724
3059	4.1724
3060	4.1723
3061	4.1723
3062	4.1723
3063	4.1723
3064	4.1722
3065	4.1722
3066	4.1722
3067	4.1723
3068	4.1724
3069	4.1722
3070	4.1722
3071	4.1721
3072	4.1723
3073	4.1722
3074	4.1723
3075	4.1723
3076	4.1723
3077	4.1722
3078	4.1723
3079	4.1723
3080	4.1722
3081	4.1722
3082	4.1722
3083	4.1721
3084	4.1722
3085	4.1722
3086	4.1722
3087	4.1722
3088	4.1722
3089	4.1724
3090	4.1722
3091	4.1722
3092	4.1722
3093	4.1722
3094	4.1722
3095	4.1723
3096	4.1722
3097	4.1723
3098	4.1723
3099	4.1721
3100	4.1722
3101	4.1723
3102	4.1722
3103	4.1722
3104	4.1721
3105	4.1723
3106	4.1721
3107	4.1723
3108	4.1723
3109	4.1723
3110	4.1722
3111	4.1723
3112	4.1722
3113	4.1722
3114	4.1721
3115	4.1722
3116	4.1722
3117	4.1722
3118	4.1723
3119	4.1722
3120	4.1723
3121	4.1723
3122	4.1722
3123	4.1722
3124	4.1722
3125	4.1721
3126	4.1722
3127	4.1723
3128	4.1722
3129	4.1722
3130	4.1721
3131	4.1723
3132	4.1721
3133	4.1722
3134	4.1722
3135	4.1722
3136	4.1721
3137	4.1721
3138	4.1721
3139	4.1722
3140	4.1722
3141	4.1721
3142	4.1721
3143	4.1721
3144	4.1722
3145	4.1721
3146	4.172
3147	4.172
3148	4.1721
3149	4.1722
3150	4.1721
3151	4.1722
3152	4.1721
3153	4.1721
3154	4.1722
3155	4.1721
3156	4.172
3157	4.1722
3158	4.1721
3159	4.1721
3160	4.1721
3161	4.172
3162	4.1721
3163	4.1721
3164	4.172
3165	4.1721
3166	4.1721
3167	4.1721
3168	4.1722
3169	4.1721
3170	4.1723
3171	4.1722
3172	4.1721
3173	4.1721
3174	4.172
3175	4.1722
3176	4.1721
3177	4.1721
3178	4.1721
3179	4.1721
3180	4.1721
3181	4.172
3182	4.1721
3183	4.1721
3184	4.172
3185	4.1723
3186	4.1721
3187	4.1721
3188	4.1721
3189	4.1721
3190	4.1721
3191	4.1721
3192	4.172
3193	4.1721
3194	4.172
3195	4.172
3196	4.1721
3197	4.1722
3198	4.172
3199	4.1721
3200	4.1721
3201	4.1722
3202	4.172
3203	4.1721
3204	4.1721
3205	4.1721
3206	4.172
3207	4.1721
3208	4.1721
3209	4.1722
3210	4.172
3211	4.172
3212	4.172
3213	4.172
3214	4.1721
3215	4.172
3216	4.1721
3217	4.172
3218	4.172
3219	4.1722
3220	4.1721
3221	4.172
3222	4.1721
3223	4.172
3224	4.1721
3225	4.172
3226	4.172
3227	4.1721
3228	4.172
3229	4.1722
3230	4.172
3231	4.172
3232	4.1719
3233	4.1721
3234	4.1721
3235	4.1722
3236	4.172
3237	4.1721
3238	4.172
3239	4.1719
3240	4.172
3241	4.172
3242	4.172
3243	4.1719
3244	4.172
3245	4.1721
3246	4.1721
3247	4.1719
3248	4.1721
3249	4.1721
3250	4.172
3251	4.172
3252	4.1721
3253	4.172
3254	4.172
3255	4.172
3256	4.1721
3257	4.1721
3258	4.1718
3259	4.1719
3260	4.1719
3261	4.1719
3262	4.172
3263	4.1721
3264	4.172
3265	4.172
3266	4.172
3267	4.1719
3268	4.172
3269	4.172
3270	4.1719
3271	4.1719
3272	4.1719
3273	4.1719
3274	4.1721
3275	4.1719
3276	4.172
3277	4.172
3278	4.172
3279	4.172
3280	4.1719
3281	4.172
3282	4.172
3283	4.172
3284	4.1718
3285	4.172
3286	4.1719
3287	4.1719
3288	4.1718
3289	4.172
3290	4.1719
3291	4.1719
3292	4.172
3293	4.172
3294	4.1719
3295	4.1719
3296	4.1719
3297	4.172
3298	4.1719
3299	4.1719
3300	4.1719
3301	4.1721
3302	4.172
3303	4.1719
3304	4.1719
3305	4.172
3306	4.1719
3307	4.172
3308	4.172
3309	4.1719
3310	4.1718
3311	4.1719
3312	4.1719
3313	4.1719
3314	4.1719
3315	4.1719
3316	4.1719
3317	4.172
3318	4.1718
3319	4.1719
3320	4.1718
3321	4.172
3322	4.1719
3323	4.1719
3324	4.1718
3325	4.1718
3326	4.1719
3327	4.1719
3328	4.1719
3329	4.172
3330	4.1718
3331	4.1719
3332	4.1719
3333	4.1719
3334	4.1719
3335	4.1719
3336	4.172
3337	4.1718
3338	4.1719
3339	4.172
3340	4.172
3341	4.1719
3342	4.1719
3343	4.1718
3344	4.1719
3345	4.1719
3346	4.1719
3347	4.1719
3348	4.1718
3349	4.1719
3350	4.1718
3351	4.1719
3352	4.1719
3353	4.1719
3354	4.1718
3355	4.1718
3356	4.1718
3357	4.1718
3358	4.1718
3359	4.1719
3360	4.1719
3361	4.1719
3362	4.1719
3363	4.1719
3364	4.1718
3365	4.1719
3366	4.1718
3367	4.1719
3368	4.1719
3369	4.1718
3370	4.1719
3371	4.1718
3372	4.1719
3373	4.1719
3374	4.1718
3375	4.1719
3376	4.1719
3377	4.1718
3378	4.1718
3379	4.1719
3380	4.1718
3381	4.172
3382	4.1719
3383	4.1717
3384	4.1718
3385	4.172
3386	4.1719
3387	4.1718
3388	4.1718
3389	4.1717
3390	4.1718
3391	4.172
3392	4.1718
3393	4.1718
3394	4.1719
3395	4.1718
3396	4.1719
3397	4.1718
3398	4.1718
3399	4.1718
3400	4.1718
3401	4.1719
3402	4.1719
3403	4.1719
3404	4.1718
3405	4.1717
3406	4.1719
3407	4.1718
3408	4.1718
3409	4.1718
3410	4.1719
3411	4.1719
3412	4.1717
3413	4.1717
3414	4.1719
3415	4.1718
3416	4.1718
3417	4.1717
3418	4.1718
3419	4.1718
3420	4.1719
3421	4.1718
3422	4.1719
3423	4.1717
3424	4.1719
3425	4.1718
3426	4.1718
3427	4.1717
3428	4.1718
3429	4.1717
3430	4.1718
3431	4.1718
3432	4.1717
3433	4.1717
3434	4.1718
3435	4.1718
3436	4.1717
3437	4.1717
3438	4.1718
3439	4.1719
3440	4.1718
3441	4.1717
3442	4.1718
3443	4.1716
3444	4.1718
3445	4.1717
3446	4.1718
3447	4.1717
3448	4.1716
3449	4.1716
3450	4.1717
3451	4.1718
3452	4.1717
3453	4.1718
3454	4.1717
3455	4.1717
3456	4.1717
3457	4.1717
3458	4.1718
3459	4.1717
3460	4.1718
3461	4.1718
3462	4.1718
3463	4.1718
3464	4.1718
3465	4.1718
3466	4.1718
3467	4.1718
3468	4.1718
3469	4.1718
3470	4.1717
3471	4.1718
3472	4.1716
3473	4.1716
3474	4.1716
3475	4.1717
3476	4.1716
3477	4.1718
3478	4.1718
3479	4.1717
3480	4.1717
3481	4.1717
3482	4.1717
3483	4.1717
3484	4.1717
3485	4.1717
3486	4.1717
3487	4.1717
3488	4.1718
3489	4.1718
3490	4.1716
3491	4.1717
3492	4.1717
3493	4.1718
3494	4.1716
3495	4.1717
3496	4.1717
3497	4.1716
3498	4.1717
3499	4.1717
3500	4.1717
3501	4.1717
3502	4.1718
3503	4.1717
3504	4.1717
3505	4.1717
3506	4.1716
3507	4.1717
3508	4.1717
3509	4.1716
3510	4.1716
3511	4.1717
3512	4.1718
3513	4.1717
3514	4.1716
3515	4.1717
3516	4.1716
3517	4.1716
3518	4.1716
3519	4.1716
3520	4.1717
3521	4.1717
3522	4.1716
3523	4.1717
3524	4.1717
3525	4.1717
3526	4.1716
3527	4.1717
3528	4.1718
3529	4.1717
3530	4.1717
3531	4.1716
3532	4.1716
3533	4.1717
3534	4.1717
3535	4.1718
3536	4.1718
3537	4.1717
3538	4.1716
3539	4.1716
3540	4.1716
3541	4.1717
3542	4.1716
3543	4.1717
3544	4.1715
3545	4.1717
3546	4.1716
3547	4.1716
3548	4.1716
3549	4.1717
3550	4.1716
3551	4.1716
3552	4.1716
3553	4.1716
3554	4.1716
3555	4.1717
3556	4.1716
3557	4.1717
3558	4.1716
3559	4.1717
3560	4.1715
3561	4.1717
3562	4.1716
3563	4.1717
3564	4.1716
3565	4.1716
3566	4.1716
3567	4.1715
3568	4.1716
3569	4.1715
3570	4.1716
3571	4.1716
3572	4.1717
3573	4.1715
3574	4.1715
3575	4.1718
3576	4.1715
3577	4.1717
3578	4.1716
3579	4.1716
3580	4.1715
3581	4.1714
3582	4.1717
3583	4.1715
3584	4.1716
3585	4.1716
3586	4.1716
3587	4.1715
3588	4.1716
3589	4.1716
3590	4.1716
3591	4.1716
3592	4.1715
3593	4.1716
3594	4.1716
3595	4.1718
3596	4.1715
3597	4.1715
3598	4.1715
3599	4.1716
3600	4.1716
3601	4.1718
3602	4.1716
3603	4.1716
3604	4.1716
3605	4.1717
3606	4.1715
3607	4.1715
3608	4.1714
3609	4.1715
3610	4.1716
3611	4.1716
3612	4.1717
3613	4.1716
3614	4.1716
3615	4.1715
3616	4.1716
3617	4.1715
3618	4.1715
3619	4.1716
3620	4.1713
3621	4.1715
3622	4.1717
3623	4.1716
3624	4.1714
3625	4.1715
3626	4.1714
3627	4.1714
3628	4.1715
3629	4.1716
3630	4.1714
3631	4.1717
3632	4.1715
3633	4.1715
3634	4.1715
3635	4.1715
3636	4.1716
3637	4.1716
3638	4.1716
3639	4.1716
3640	4.1716
3641	4.1715
3642	4.1716
3643	4.1715
3644	4.1716
3645	4.1715
3646	4.1714
3647	4.1715
3648	4.1715
3649	4.1717
3650	4.1716
3651	4.1716
3652	4.1715
3653	4.1714
3654	4.1716
3655	4.1714
3656	4.1716
3657	4.1714
3658	4.1715
3659	4.1715
3660	4.1715
3661	4.1715
3662	4.1715
3663	4.1717
3664	4.1715
3665	4.1715
3666	4.1716
3667	4.1716
3668	4.1716
3669	4.1714
3670	4.1714
3671	4.1714
3672	4.1715
3673	4.1716
3674	4.1714
3675	4.1715
3676	4.1716
3677	4.1716
3678	4.1715
3679	4.1715
3680	4.1715
3681	4.1714
3682	4.1715
3683	4.1715
3684	4.1715
3685	4.1716
3686	4.1716
3687	4.1716
3688	4.1715
3689	4.1715
3690	4.1715
3691	4.1715
3692	4.1715
3693	4.1715
3694	4.1715
3695	4.1715
3696	4.1714
3697	4.1714
3698	4.1715
3699	4.1715
3700	4.1716
3701	4.1716
3702	4.1716
3703	4.1715
3704	4.1715
3705	4.1716
3706	4.1715
3707	4.1715
3708	4.1714
3709	4.1715
3710	4.1715
3711	4.1715
3712	4.1715
3713	4.1714
3714	4.1715
3715	4.1714
3716	4.1714
3717	4.1715
3718	4.1715
3719	4.1714
3720	4.1714
3721	4.1714
3722	4.1714
3723	4.1714
3724	4.1714
3725	4.1715
3726	4.1715
3727	4.1716
3728	4.1715
3729	4.1713
3730	4.1715
3731	4.1715
3732	4.1714
3733	4.1714
3734	4.1714
3735	4.1714
3736	4.1714
3737	4.1714
3738	4.1715
3739	4.1715
3740	4.1715
3741	4.1714
3742	4.1714
3743	4.1715
3744	4.1715
3745	4.1714
3746	4.1715
3747	4.1714
3748	4.1714
3749	4.1714
3750	4.1714
3751	4.1716
3752	4.1714
3753	4.1714
3754	4.1715
3755	4.1714
3756	4.1713
3757	4.1714
3758	4.1713
3759	4.1716
3760	4.1715
3761	4.1715
3762	4.1716
3763	4.1714
3764	4.1714
3765	4.1714
3766	4.1714
3767	4.1714
3768	4.1714
3769	4.1715
3770	4.1713
3771	4.1713
3772	4.1715
3773	4.1715
3774	4.1714
3775	4.1715
3776	4.1714
3777	4.1715
3778	4.1714
3779	4.1713
3780	4.1714
3781	4.1715
3782	4.1714
3783	4.1714
3784	4.1715
3785	4.1714
3786	4.1715
3787	4.1714
3788	4.1714
3789	4.1714
3790	4.1714
3791	4.1714
3792	4.1714
3793	4.1714
3794	4.1715
3795	4.1714
3796	4.1714
3797	4.1714
3798	4.1714
3799	4.1715
3800	4.1714
3801	4.1713
3802	4.1714
3803	4.1713
3804	4.1715
3805	4.1715
3806	4.1714
3807	4.1714
3808	4.1713
3809	4.1713
3810	4.1714
3811	4.1713
3812	4.1714
3813	4.1714
3814	4.1712
3815	4.1714
3816	4.1714
3817	4.1714
3818	4.1714
3819	4.1714
3820	4.1714
3821	4.1713
3822	4.1712
3823	4.1713
3824	4.1713
3825	4.1713
3826	4.1712
3827	4.1713
3828	4.1714
3829	4.1715
3830	4.1714
3831	4.1713
3832	4.1714
3833	4.1713
3834	4.1713
3835	4.1713
3836	4.1714
3837	4.1714
3838	4.1713
3839	4.1713
3840	4.1712
3841	4.1713
3842	4.1714
3843	4.1713
3844	4.1714
3845	4.1713
3846	4.1714
3847	4.1714
3848	4.1713
3849	4.1714
3850	4.1713
3851	4.1713
3852	4.1713
3853	4.1715
3854	4.1714
3855	4.1713
3856	4.1713
3857	4.1714
3858	4.1713
3859	4.1713
3860	4.1713
3861	4.1713
3862	4.1713
3863	4.1713
3864	4.1714
3865	4.1713
3866	4.1713
3867	4.1713
3868	4.1713
3869	4.1712
3870	4.1713
3871	4.1712
3872	4.1713
3873	4.1714
3874	4.1712
3875	4.1712
3876	4.1714
3877	4.1712
3878	4.1711
3879	4.1713
3880	4.1713
3881	4.1712
3882	4.1712
3883	4.1711
3884	4.1714
3885	4.1713
3886	4.1712
3887	4.1713
3888	4.1712
3889	4.1713
3890	4.1713
3891	4.1713
3892	4.1714
3893	4.1712
3894	4.1713
3895	4.1712
3896	4.1711
3897	4.1713
3898	4.1711
3899	4.1713
3900	4.1712
3901	4.1712
3902	4.1713
3903	4.1713
3904	4.1712
3905	4.1712
3906	4.1711
3907	4.1713
3908	4.1713
3909	4.1714
3910	4.1711
3911	4.1712
3912	4.1712
3913	4.1711
3914	4.1712
3915	4.1713
3916	4.1711
3917	4.1712
3918	4.1712
3919	4.1712
3920	4.1713
3921	4.1712
3922	4.1711
3923	4.1713
3924	4.1712
3925	4.1714
3926	4.1712
3927	4.1713
3928	4.1712
3929	4.1712
3930	4.1711
3931	4.1713
3932	4.1713
3933	4.1714
3934	4.1712
3935	4.1712
3936	4.1712
3937	4.1713
3938	4.1711
3939	4.1714
3940	4.1713
3941	4.1712
3942	4.1713
3943	4.1712
3944	4.1713
3945	4.1711
3946	4.1711
3947	4.1713
3948	4.1713
3949	4.1713
3950	4.1713
3951	4.1712
3952	4.1712
3953	4.1711
3954	4.1712
3955	4.1711
3956	4.1711
3957	4.1713
3958	4.1713
3959	4.1712
3960	4.1712
3961	4.1712
3962	4.1712
3963	4.1712
3964	4.1711
3965	4.1713
3966	4.1712
3967	4.1713
3968	4.1712
3969	4.1711
3970	4.1711
3971	4.1713
3972	4.1712
3973	4.1713
3974	4.1713
3975	4.1713
3976	4.1713
3977	4.171
3978	4.1713
3979	4.1713
3980	4.1711
3981	4.1713
3982	4.1711
3983	4.1711
3984	4.1711
3985	4.1712
3986	4.1713
3987	4.1714
3988	4.1711
3989	4.1711
3990	4.1713
3991	4.1712
3992	4.1712
3993	4.1712
3994	4.1711
3995	4.1712
3996	4.1713
3997	4.171
3998	4.1711
3999	4.1712
4000	4.1712
